Index	edge	1	2	3	4	5	6	7	8	9	finesse_moy	finesse_max	Area	Reward
0	8.811e-03	4.396e-03	9.005e-02	8.944e-02	5.867e-02	-6.823e-02	-2.681e-02	-1.727e-02	4.219e-01	-1.491e-02	1.153e-02	1.164e-02	2.250e-03	-3.881e-02
0	2.114e-02	4.534e-02	6.628e-02	9.056e-02	3.965e-02	-6.589e-02	-6.905e-02	-1.972e-02	5.216e-01	-1.265e-02	9.116e-03	9.129e-03	2.659e-03	9.116e-03
0	2.624e-02	5.198e-02	7.365e-02	1.000e-01	4.512e-02	-6.071e-02	-7.423e-02	-1.035e-02	7.496e-01	-5.482e-02	8.878e-03	8.884e-03	2.766e-03	8.875e-03
0	1.155e-02	2.149e-02	6.051e-02	5.689e-02	6.678e-02	-5.080e-02	-8.717e-02	-1.756e-02	5.063e-01	-3.851e-02	1.188e-02	1.190e-02	2.367e-03	-1.510e-02
0	1.836e-02	3.169e-02	8.353e-02	4.646e-02	6.741e-02	-2.403e-02	-6.622e-02	-5.212e-02	7.443e-01	-5.031e-02	1.724e-02	1.727e-02	2.517e-03	1.724e-02
0	4.358e-02	4.747e-02	9.682e-02	9.184e-02	9.723e-02	-3.680e-02	-7.262e-02	-2.132e-02	7.456e-01	-6.851e-02	1.116e-02	1.117e-02	3.060e-03	1.082e-02
0	2.252e-02	4.268e-02	5.581e-02	5.051e-02	3.886e-02	-4.316e-02	-7.494e-02	-2.816e-02	7.878e-01	1.271e-01	1.497e-02	1.498e-02	2.395e-03	-6.461e-03
0	1.130e-02	2.564e-02	8.818e-02	6.402e-02	6.686e-02	-6.352e-02	-7.355e-02	-5.688e-02	7.469e-01	1.909e-01	6.944e-03	6.957e-03	3.046e-03	6.942e-03
1	2.271e-02	4.554e-02	9.627e-02	9.133e-02	9.970e-02	-5.988e-02	-6.451e-02	-2.987e-02	7.615e-01	-1.924e-02	9.661e-03	9.674e-03	3.130e-03	-4.812e-03
1	2.098e-02	3.757e-02	3.903e-02	8.785e-02	6.016e-02	-2.806e-02	-7.553e-02	-5.354e-02	7.049e-01	2.093e-02	1.484e-02	1.487e-02	2.598e-03	1.483e-02
1	1.153e-02	7.000e-02	4.608e-02	9.482e-02	2.507e-02	-7.796e-02	-9.210e-02	-4.751e-02	3.192e-01	-1.000e-01	8.620e-03	8.642e-03	3.048e-03	8.622e-03
1	2.793e-02	2.565e-02	8.388e-02	9.128e-02	7.636e-02	-2.949e-02	-8.212e-02	-2.996e-02	5.432e-01	-1.000e-01	1.575e-02	1.575e-02	2.791e-03	1.575e-02
1	3.232e-02	3.762e-02	7.964e-02	7.428e-02	4.304e-02	-4.431e-02	-8.344e-02	-6.200e-02	7.212e-01	-3.982e-02	1.362e-02	1.363e-02	2.991e-03	1.361e-02
1	4.522e-02	2.957e-02	9.245e-02	6.247e-02	6.713e-02	-6.608e-02	-3.194e-02	-2.272e-02	7.166e-01	-5.512e-02	1.168e-02	1.169e-02	2.470e-03	5.315e-03
1	5.000e-03	3.391e-02	8.776e-02	8.797e-02	5.455e-02	-7.026e-02	-7.213e-02	-5.901e-02	7.438e-01	-1.000e-01	1.520e-02	1.525e-02	3.046e-03	1.520e-02
1	4.224e-02	4.154e-02	9.064e-02	1.000e-01	1.132e-01	-5.351e-02	-9.297e-02	-1.613e-02	7.685e-01	-1.452e-02	6.434e-03	6.446e-03	3.328e-03	-4.754e-02
2	7.135e-03	1.390e-02	6.730e-02	9.569e-02	5.655e-02	-3.745e-02	-8.008e-02	-2.712e-02	7.448e-01	-8.946e-02	1.422e-02	1.423e-02	2.465e-03	6.787e-03
2	9.709e-03	2.977e-02	5.986e-02	9.643e-02	7.788e-02	-1.515e-02	-6.985e-02	-3.510e-02	6.999e-01	-6.801e-02	1.575e-02	1.575e-02	2.474e-03	1.015e-02
2	2.000e-02	3.761e-02	4.656e-02	4.810e-02	4.142e-02	-2.702e-02	-8.373e-02	-7.090e-02	7.452e-01	-7.564e-02	1.842e-02	1.843e-02	2.485e-03	1.500e-02
2	6.997e-03	3.906e-02	5.486e-02	6.999e-02	3.659e-02	-3.378e-02	-7.051e-02	-1.000e-01	7.325e-01	-7.161e-02	2.359e-02	2.360e-02	2.793e-03	2.359e-02
2	8.784e-03	2.857e-02	8.717e-02	6.704e-02	7.320e-02	-7.536e-02	-7.459e-02	-5.605e-02	7.580e-01	-5.632e-02	1.256e-02	1.258e-02	3.013e-03	1.256e-02
2	2.843e-02	3.081e-02	9.999e-02	9.704e-02	4.827e-02	-6.554e-02	-5.209e-02	-3.340e-02	6.350e-01	-9.882e-02	1.100e-02	1.102e-02	2.848e-03	1.101e-02
2	2.727e-02	1.205e-02	5.018e-02	5.053e-02	6.773e-02	-5.894e-02	-8.964e-02	-2.959e-02	6.983e-01	-3.922e-02	1.204e-02	1.206e-02	2.404e-03	-7.486e-03
2	1.971e-02	3.677e-02	8.106e-02	9.270e-02	6.314e-02	-6.720e-02	-5.611e-02	-3.060e-02	5.914e-01	-5.064e-02	1.043e-02	1.044e-02	2.784e-03	1.043e-02
3	2.097e-02	2.157e-02	1.442e-02	5.533e-02	5.974e-02	-5.743e-02	-6.924e-02	-6.622e-02	7.754e-01	-6.454e-02	1.630e-02	1.630e-02	2.266e-03	-3.084e-02
3	5.000e-03	3.352e-02	3.892e-02	6.413e-02	2.600e-02	-2.252e-02	-4.764e-02	-8.826e-02	6.269e-01	-8.171e-02	2.090e-02	2.094e-02	2.209e-03	-3.779e-02
3	7.347e-03	4.707e-02	3.880e-02	6.688e-02	4.406e-02	-5.249e-02	-8.539e-02	-6.016e-02	7.758e-01	-5.775e-02	1.388e-02	1.391e-02	2.640e-03	1.389e-02
3	5.000e-03	3.795e-02	8.166e-02	8.025e-02	3.226e-02	-6.105e-02	-6.148e-02	-8.903e-02	6.827e-01	-8.489e-02	1.903e-02	1.904e-02	3.012e-03	1.903e-02
3	6.199e-03	3.969e-02	6.923e-02	7.718e-02	5.609e-02	-6.304e-02	-8.270e-02	-7.299e-02	7.519e-01	-1.000e-01	1.895e-02	1.896e-02	3.045e-03	1.895e-02
3	5.000e-03	5.113e-02	4.883e-02	2.410e-02	2.475e-02	-5.976e-02	-5.724e-02	-9.157e-02	7.572e-01	-1.000e-01	1.681e-02	1.682e-02	2.434e-03	3.246e-03
3	2.126e-02	6.113e-02	5.444e-02	9.450e-02	4.799e-02	-1.194e-02	-7.086e-02	-7.762e-02	6.329e-01	-6.694e-02	2.130e-02	2.131e-02	2.882e-03	2.129e-02
3	1.143e-02	2.753e-02	7.717e-02	5.692e-02	3.572e-02	-6.504e-02	-8.655e-02	-7.081e-02	7.073e-01	-1.391e-02	1.053e-02	1.058e-02	2.925e-03	1.054e-02
4	2.043e-02	2.207e-02	8.108e-02	8.888e-02	4.546e-02	-2.890e-02	-6.908e-02	-9.480e-02	7.846e-01	-6.520e-02	2.301e-02	2.301e-02	3.005e-03	2.301e-02
4	5.000e-03	4.250e-02	7.258e-02	9.080e-02	3.018e-02	-3.589e-02	-7.211e-02	-3.632e-02	5.491e-01	-2.646e-02	1.124e-02	1.125e-02	2.589e-03	1.124e-02
4	5.000e-03	5.704e-02	2.535e-02	9.104e-02	6.115e-02	-6.054e-02	-8.974e-02	-7.831e-02	7.547e-01	-8.943e-02	1.958e-02	1.959e-02	3.008e-03	1.958e-02
4	1.074e-02	4.840e-02	8.942e-02	6.563e-02	5.192e-02	-2.277e-02	-6.559e-02	-6.992e-02	7.517e-01	-6.545e-02	1.893e-02	1.897e-02	2.821e-03	1.894e-02
4	6.681e-03	5.102e-02	8.268e-02	1.133e-02	5.301e-02	-5.682e-02	-8.240e-02	-7.551e-02	6.410e-01	-1.000e-01	1.703e-02	1.703e-02	2.799e-03	1.703e-02
4	6.698e-03	6.773e-02	6.960e-02	9.924e-02	5.193e-02	-3.627e-02	-6.637e-02	-1.000e-01	6.844e-01	-9.059e-02	2.500e-02	2.501e-02	3.291e-03	-2.156e-02
4	6.775e-03	2.891e-02	6.645e-02	8.771e-02	4.177e-02	-2.108e-02	-7.081e-02	-1.000e-01	7.542e-01	-8.587e-02	2.741e-02	2.742e-02	2.868e-03	2.742e-02
4	1.270e-02	4.404e-02	8.261e-02	9.284e-02	2.961e-02	-5.263e-02	-8.504e-02	-1.000e-01	7.437e-01	-9.597e-02	2.317e-02	2.318e-02	3.376e-03	-4.049e-02
5	5.000e-03	3.605e-02	2.948e-02	4.483e-02	5.178e-02	-1.176e-02	-7.407e-02	-9.824e-02	7.502e-01	-1.000e-01	2.716e-02	2.718e-02	2.353e-03	-2.651e-03
5	9.002e-03	4.409e-02	4.871e-02	5.286e-02	3.798e-02	-6.144e-02	-7.914e-02	-6.890e-02	7.488e-01	3.382e-02	1.031e-02	1.031e-02	2.716e-03	1.031e-02
5	9.981e-03	5.160e-02	6.408e-02	9.908e-02	3.785e-02	-5.166e-02	-7.521e-02	-6.857e-02	7.554e-01	-6.015e-02	1.494e-02	1.495e-02	3.023e-03	1.494e-02
5	5.000e-03	3.113e-02	6.538e-02	6.111e-02	3.952e-02	-6.377e-02	-7.929e-02	-1.000e-01	7.572e-01	-3.832e-02	1.768e-02	1.771e-02	3.026e-03	1.768e-02
5	1.677e-02	6.041e-02	8.081e-02	8.375e-02	8.424e-02	-3.125e-02	-7.949e-02	-3.715e-02	7.601e-01	-1.000e-01	1.714e-02	1.714e-02	2.959e-03	1.714e-02
5	5.000e-03	3.412e-02	6.666e-02	5.650e-02	1.681e-02	-5.727e-02	-7.222e-02	-1.000e-01	6.532e-01	-6.147e-02	1.817e-02	1.818e-02	2.840e-03	1.818e-02
5	1.740e-02	4.134e-02	7.269e-02	8.467e-02	5.077e-02	-2.424e-02	-5.929e-02	-9.601e-02	7.523e-01	-2.722e-02	2.094e-02	2.097e-02	2.971e-03	2.094e-02
5	5.000e-03	4.143e-02	5.380e-02	8.979e-02	3.877e-02	-5.575e-02	-8.442e-02	-8.753e-02	7.362e-01	-1.000e-01	2.237e-02	2.239e-02	3.038e-03	2.236e-02
6	5.434e-03	2.567e-02	6.139e-02	9.265e-02	5.222e-02	-5.785e-02	-8.550e-02	-6.905e-02	7.739e-01	-8.008e-02	1.733e-02	1.734e-02	2.948e-03	1.733e-02
6	1.642e-02	2.613e-02	9.620e-02	8.779e-02	3.878e-02	-5.941e-02	-8.492e-02	-4.156e-02	6.338e-01	-8.810e-02	1.272e-02	1.273e-02	2.966e-03	1.272e-02
6	2.201e-02	4.950e-02	8.173e-02	8.899e-02	6.286e-02	-4.758e-02	-7.659e-02	-6.167e-02	7.442e-01	-2.760e-02	1.298e-02	1.300e-02	3.173e-03	-1.007e-02
6	1.192e-02	5.075e-02	7.584e-02	9.054e-02	3.361e-02	-4.563e-02	-7.279e-02	-1.000e-01	7.495e-01	-5.226e-02	2.013e-02	2.014e-02	3.252e-03	-1.862e-02
6	5.000e-03	3.476e-02	6.774e-02	8.800e-02	5.272e-02	-6.679e-02	-8.543e-02	-1.000e-01	7.628e-01	-8.739e-02	2.308e-02	2.308e-02	3.319e-03	-2.903e-02
6	5.000e-03	4.104e-02	5.726e-02	6.659e-02	2.284e-02	-2.354e-02	-7.076e-02	-8.549e-02	6.299e-01	-6.439e-02	1.917e-02	1.917e-02	2.583e-03	1.917e-02
6	5.000e-03	3.990e-02	4.714e-02	7.125e-02	3.389e-02	-5.177e-02	-8.045e-02	-8.590e-02	7.443e-01	-2.882e-02	1.614e-02	1.616e-02	2.819e-03	1.614e-02
6	6.499e-03	3.893e-02	6.768e-02	8.770e-02	4.220e-02	-3.028e-02	-7.140e-02	-1.000e-01	7.230e-01	-8.238e-02	2.538e-02	2.540e-02	3.000e-03	2.538e-02
7	1.799e-02	3.698e-02	6.148e-02	6.381e-02	2.490e-02	-3.475e-02	-7.854e-02	-8.567e-02	7.676e-01	-1.000e-01	2.166e-02	2.168e-02	2.725e-03	2.167e-02
7	5.000e-03	3.264e-02	5.673e-02	9.104e-02	3.824e-02	-6.103e-02	-8.058e-02	-6.709e-02	7.317e-01	-7.383e-02	1.526e-02	1.528e-02	2.859e-03	1.526e-02
7	5.000e-03	1.764e-02	7.480e-02	7.927e-02	2.581e-02	-3.769e-02	-7.234e-02	-9.626e-02	6.242e-01	-7.907e-02	2.222e-02	2.224e-02	2.829e-03	2.222e-02
7	6.997e-03	4.562e-02	8.796e-02	7.931e-02	2.633e-02	-4.264e-02	-8.095e-02	-5.673e-02	7.421e-01	-5.102e-02	1.213e-02	1.214e-02	2.904e-03	1.214e-02
7	1.317e-02	4.169e-02	7.481e-02	7.713e-02	2.850e-02	-3.297e-02	-7.672e-02	-6.806e-02	7.655e-01	-6.237e-02	1.677e-02	1.678e-02	2.791e-03	1.677e-02
7	1.584e-02	3.438e-02	6.206e-02	9.229e-02	4.812e-02	-6.066e-04	-8.026e-02	-7.463e-02	6.352e-01	-4.462e-02	2.043e-02	2.045e-02	2.745e-03	2.044e-02
7	1.608e-02	3.052e-02	6.193e-02	7.550e-02	4.324e-02	-6.151e-02	-7.678e-02	-4.759e-02	7.273e-01	-8.537e-02	1.357e-02	1.359e-02	2.658e-03	1.358e-02
7	5.000e-03	4.495e-02	3.167e-02	4.258e-02	4.711e-02	-6.060e-02	-7.675e-02	-7.454e-02	6.549e-01	1.030e-01	1.262e-02	1.265e-02	2.601e-03	1.262e-02
8	1.406e-02	2.692e-02	4.241e-02	8.896e-02	2.806e-02	-2.889e-02	-8.749e-02	-8.455e-02	6.300e-01	-8.308e-02	2.164e-02	2.164e-02	2.719e-03	2.163e-02
8	1.378e-02	4.099e-02	6.563e-02	8.846e-02	4.612e-02	0.000e+00	-7.297e-02	-8.173e-02	5.829e-01	-7.914e-02	2.339e-02	2.340e-02	2.755e-03	2.339e-02
8	9.447e-03	1.314e-02	4.402e-02	6.086e-02	4.020e-02	-1.019e-02	-8.272e-02	-1.000e-01	7.554e-01	-1.000e-01	2.753e-02	2.753e-02	2.468e-03	2.073e-02
8	1.200e-02	1.617e-02	5.749e-02	7.405e-02	2.992e-02	-3.132e-02	-8.460e-02	-8.566e-02	7.590e-01	-6.790e-02	2.103e-02	2.108e-02	2.675e-03	2.103e-02
8	9.255e-03	2.236e-02	6.637e-02	8.912e-02	2.047e-02	-5.065e-02	-7.792e-02	-1.000e-01	7.344e-01	-1.000e-01	2.380e-02	2.381e-02	2.977e-03	2.381e-02
8	1.356e-02	4.404e-02	5.406e-02	7.168e-02	3.883e-02	-1.172e-02	-7.384e-02	-7.863e-02	7.518e-01	-6.244e-02	2.116e-02	2.117e-02	2.600e-03	2.116e-02
8	2.133e-02	4.315e-02	8.531e-02	6.810e-02	3.863e-02	-1.488e-02	-7.463e-02	-8.252e-02	6.709e-01	-9.550e-02	2.357e-02	2.359e-02	2.880e-03	2.356e-02
8	2.230e-02	3.368e-02	6.025e-02	9.101e-02	3.553e-02	0.000e+00	-8.196e-02	-7.794e-02	7.478e-01	-8.190e-02	2.397e-02	2.403e-02	2.707e-03	2.396e-02
9	5.407e-03	4.088e-02	6.120e-02	9.369e-02	2.877e-02	-3.597e-02	-7.710e-02	-8.043e-02	7.139e-01	-7.356e-02	1.953e-02	1.954e-02	2.872e-03	1.954e-02
9	1.230e-02	3.524e-02	7.074e-02	8.985e-02	5.008e-02	0.000e+00	-7.578e-02	-8.092e-02	6.732e-01	-5.701e-02	2.223e-02	2.223e-02	2.799e-03	2.223e-02
9	1.733e-02	2.102e-02	8.534e-02	9.357e-02	2.754e-02	0.000e+00	-8.092e-02	-9.248e-02	4.168e-01	-7.321e-02	2.308e-02	2.310e-02	2.919e-03	2.308e-02
9	2.749e-02	3.749e-02	7.973e-02	7.522e-02	2.646e-02	0.000e+00	-7.400e-02	-7.413e-02	7.455e-01	-1.000e-01	2.393e-02	2.394e-02	2.662e-03	2.394e-02
9	1.733e-02	3.610e-02	5.204e-02	8.319e-02	3.520e-02	-1.992e-02	-7.313e-02	-8.207e-02	7.038e-01	-9.415e-02	2.310e-02	2.312e-02	2.655e-03	2.310e-02
9	2.033e-02	4.494e-02	6.883e-02	8.964e-02	1.937e-02	-3.026e-02	-7.919e-02	-7.586e-02	7.250e-01	-6.219e-02	1.788e-02	1.790e-02	2.904e-03	1.788e-02
9	1.161e-02	5.224e-02	8.684e-02	8.917e-02	5.268e-02	-1.514e-03	-6.095e-02	-8.491e-02	7.473e-01	-1.000e-01	2.712e-02	2.715e-02	2.923e-03	2.713e-02
9	2.351e-02	4.419e-02	7.456e-02	9.270e-02	7.469e-02	-7.843e-03	-7.886e-02	-8.786e-02	5.827e-01	-1.000e-01	2.646e-02	2.648e-02	3.141e-03	9.898e-03
10	1.912e-02	4.300e-02	8.659e-02	8.876e-02	2.095e-02	-1.357e-02	-6.452e-02	-6.754e-02	6.392e-01	-7.965e-02	1.894e-02	1.897e-02	2.743e-03	1.894e-02
10	1.731e-02	5.086e-02	7.467e-02	9.223e-02	4.945e-02	-4.444e-03	-7.197e-02	-8.398e-02	5.271e-01	-1.000e-01	2.415e-02	2.419e-02	2.960e-03	2.415e-02
10	5.000e-03	3.664e-02	7.493e-02	8.281e-02	7.148e-02	-4.538e-03	-6.925e-02	-9.135e-02	7.478e-01	-7.891e-02	2.706e-02	2.708e-02	2.889e-03	2.706e-02
10	1.933e-02	4.418e-02	5.039e-02	8.864e-02	4.399e-02	0.000e+00	-7.830e-02	-7.882e-02	6.189e-01	-8.132e-02	2.415e-02	2.419e-02	2.688e-03	2.415e-02
10	2.665e-02	2.283e-02	7.000e-02	9.220e-02	4.339e-02	-2.591e-02	-6.605e-02	-6.171e-02	6.786e-01	-5.688e-02	1.717e-02	1.718e-02	2.661e-03	1.716e-02
10	3.006e-02	5.656e-02	5.630e-02	9.311e-02	2.488e-02	0.000e+00	-7.736e-02	-8.725e-02	5.970e-01	-1.000e-01	2.538e-02	2.539e-02	2.857e-03	2.538e-02
10	1.083e-02	3.699e-02	6.088e-02	9.069e-02	3.211e-02	-1.614e-02	-7.074e-02	-1.000e-01	5.606e-01	-1.000e-01	2.643e-02	2.648e-02	2.851e-03	2.642e-02
10	2.174e-02	3.384e-02	8.726e-02	6.962e-02	2.522e-02	0.000e+00	-6.935e-02	-9.436e-02	6.671e-01	-1.000e-01	2.721e-02	2.722e-02	2.767e-03	2.722e-02
11	1.041e-02	5.887e-02	9.318e-02	7.614e-02	3.742e-02	-4.938e-03	-3.480e-02	-7.650e-02	7.447e-01	-9.616e-02	2.389e-02	2.390e-02	2.607e-03	2.389e-02
11	1.121e-02	3.650e-02	7.700e-02	8.927e-02	3.630e-02	-4.554e-02	-6.872e-02	-1.000e-01	7.550e-01	-1.000e-01	2.546e-02	2.554e-02	3.108e-03	1.537e-02
11	1.417e-02	4.819e-02	7.700e-02	8.777e-02	3.620e-02	0.000e+00	-5.524e-02	-9.460e-02	6.485e-01	-8.979e-02	2.722e-02	2.725e-02	2.795e-03	2.722e-02
11	1.815e-02	4.458e-02	9.623e-02	5.869e-02	5.473e-02	-3.010e-02	-6.571e-02	-6.348e-02	6.824e-01	-1.000e-01	1.940e-02	1.941e-02	2.818e-03	1.940e-02
11	2.063e-02	3.173e-02	8.294e-02	8.993e-02	7.896e-02	0.000e+00	-8.341e-02	-8.650e-02	6.038e-01	-9.793e-02	2.737e-02	2.744e-02	3.100e-03	1.896e-02
11	5.000e-03	3.919e-02	7.481e-02	8.845e-02	4.685e-02	-1.916e-02	-7.302e-02	-1.000e-01	6.573e-01	-1.000e-01	2.784e-02	2.786e-02	3.023e-03	2.783e-02
11	1.213e-02	4.049e-02	5.804e-02	9.343e-02	2.982e-02	0.000e+00	-7.656e-02	-1.000e-01	5.041e-01	-1.000e-01	2.682e-02	2.684e-02	2.829e-03	2.682e-02
11	3.125e-02	6.920e-02	7.134e-02	8.875e-02	4.458e-02	0.000e+00	-7.323e-02	-6.299e-02	6.679e-01	-7.580e-02	1.988e-02	1.991e-02	2.881e-03	1.989e-02
12	9.730e-03	4.856e-02	6.647e-02	8.313e-02	2.070e-02	0.000e+00	-4.735e-02	-9.444e-02	5.604e-01	-1.000e-01	2.524e-02	2.525e-02	2.548e-03	2.525e-02
12	5.000e-03	3.749e-02	6.945e-02	9.148e-02	3.688e-02	-2.737e-02	-6.275e-02	-9.137e-02	6.005e-01	-9.123e-02	2.343e-02	2.345e-02	2.848e-03	2.344e-02
12	7.919e-03	2.710e-02	4.235e-02	9.297e-02	4.404e-02	-9.332e-03	-7.232e-02	-9.874e-02	7.580e-01	-9.017e-02	2.804e-02	2.806e-02	2.652e-03	2.804e-02
12	1.800e-02	5.512e-02	5.073e-02	9.045e-02	1.902e-02	-9.337e-03	-7.656e-02	-9.556e-02	6.911e-01	-9.619e-02	2.641e-02	2.647e-02	2.830e-03	2.641e-02
12	5.582e-03	3.841e-02	7.349e-02	8.069e-02	4.154e-02	-1.364e-03	-5.841e-02	-8.662e-02	7.503e-01	-9.664e-02	2.668e-02	2.669e-02	2.612e-03	2.668e-02
12	5.000e-03	4.676e-02	4.620e-02	7.476e-02	2.913e-02	-3.068e-02	-7.148e-02	-9.222e-02	6.849e-01	-9.078e-02	2.222e-02	2.224e-02	2.689e-03	2.222e-02
12	8.010e-03	4.924e-02	8.538e-02	9.206e-02	7.365e-02	0.000e+00	-5.727e-02	-1.000e-01	6.485e-01	-8.784e-02	2.920e-02	2.925e-02	3.071e-03	2.653e-02
12	1.463e-02	4.147e-02	5.960e-02	9.033e-02	2.025e-02	-1.932e-02	-6.548e-02	-1.000e-01	6.037e-01	-1.000e-01	2.559e-02	2.560e-02	2.808e-03	2.559e-02
13	9.044e-03	4.190e-02	4.611e-02	8.942e-02	4.363e-02	-2.227e-02	-6.733e-02	-8.889e-02	7.652e-01	-9.797e-02	2.571e-02	2.571e-02	2.700e-03	2.571e-02
13	1.544e-02	3.991e-02	4.480e-02	9.227e-02	6.141e-02	0.000e+00	-5.245e-02	-9.192e-02	7.711e-01	-1.000e-01	2.977e-02	2.977e-02	2.562e-03	2.977e-02
13	9.031e-03	3.580e-02	8.038e-02	8.441e-02	4.513e-02	-2.002e-02	-7.427e-02	-1.000e-01	7.475e-01	-1.000e-01	2.839e-02	2.840e-02	3.036e-03	2.839e-02
13	5.000e-03	2.363e-02	7.280e-02	8.989e-02	5.818e-02	-2.633e-03	-6.655e-02	-1.000e-01	6.649e-01	-9.050e-02	2.901e-02	2.911e-02	2.821e-03	2.901e-02
13	1.334e-02	3.939e-02	7.480e-02	7.209e-02	5.786e-02	0.000e+00	-4.509e-02	-7.776e-02	7.835e-01	-9.439e-02	2.581e-02	2.583e-02	2.474e-03	2.021e-02
13	1.902e-02	4.617e-02	5.907e-02	9.147e-02	6.254e-02	0.000e+00	-6.826e-02	-9.482e-02	7.664e-01	-7.184e-02	2.807e-02	2.812e-02	2.894e-03	2.807e-02
13	7.646e-03	3.319e-02	8.137e-02	8.888e-02	5.323e-02	-6.564e-03	-7.310e-02	-9.916e-02	5.632e-01	-8.190e-02	2.691e-02	2.693e-02	3.010e-03	2.692e-02
13	1.016e-02	4.698e-02	8.239e-02	9.139e-02	4.592e-02	-1.622e-02	-7.428e-02	-1.000e-01	6.995e-01	-1.000e-01	2.841e-02	2.843e-02	3.152e-03	9.520e-03
14	5.000e-03	4.311e-02	3.945e-02	9.076e-02	4.728e-02	-1.915e-02	-6.866e-02	-9.907e-02	7.361e-01	-8.594e-02	2.753e-02	2.753e-02	2.748e-03	2.753e-02
14	1.618e-02	3.701e-02	7.664e-02	9.062e-02	4.490e-02	-5.560e-03	-6.453e-02	-8.897e-02	6.320e-01	-7.958e-02	2.505e-02	2.507e-02	2.846e-03	2.506e-02
14	1.058e-02	1.941e-02	8.732e-02	9.008e-02	6.395e-02	0.000e+00	-4.900e-02	-9.322e-02	7.635e-01	-9.031e-02	2.892e-02	2.892e-02	2.729e-03	2.892e-02
14	5.000e-03	3.583e-02	8.473e-02	8.907e-02	5.274e-02	0.000e+00	-4.235e-02	-1.000e-01	6.108e-01	-8.095e-02	2.800e-02	2.803e-02	2.757e-03	2.800e-02
14	9.989e-03	3.467e-02	3.249e-02	9.186e-02	7.692e-02	0.000e+00	-6.898e-02	-1.000e-01	7.439e-01	-7.534e-02	2.847e-02	2.848e-02	2.687e-03	2.848e-02
14	1.439e-02	3.930e-02	5.248e-02	7.460e-02	6.782e-02	-5.897e-04	-6.897e-02	-9.126e-02	7.530e-01	-8.855e-02	2.895e-02	2.898e-02	2.673e-03	2.895e-02
14	9.153e-03	4.500e-02	7.417e-02	8.853e-02	2.241e-02	-1.259e-03	-5.155e-02	-1.000e-01	7.565e-01	-9.657e-02	2.872e-02	2.873e-02	2.696e-03	2.872e-02
14	1.577e-02	3.317e-02	8.718e-02	8.798e-02	5.761e-02	-6.470e-03	-5.862e-02	-1.000e-01	7.825e-01	-1.000e-01	3.000e-02	3.001e-02	2.958e-03	3.000e-02
15	1.110e-02	3.558e-02	7.126e-02	9.198e-02	5.243e-02	-1.615e-02	-5.405e-02	-9.526e-02	7.462e-01	-9.906e-02	2.833e-02	2.844e-02	2.818e-03	2.833e-02
15	1.775e-02	4.420e-02	9.097e-02	8.812e-02	8.141e-02	0.000e+00	-5.205e-02	-9.161e-02	7.436e-01	-8.083e-02	2.790e-02	2.792e-02	3.007e-03	2.789e-02
15	1.601e-02	2.201e-02	8.563e-02	8.678e-02	5.728e-02	0.000e+00	-5.006e-02	-8.729e-02	7.808e-01	-9.814e-02	2.759e-02	2.762e-02	2.661e-03	2.759e-02
15	1.531e-02	4.443e-02	7.300e-02	8.886e-02	5.764e-02	-3.583e-03	-5.382e-02	-1.000e-01	7.879e-01	-9.994e-02	3.094e-02	3.097e-02	2.867e-03	3.095e-02
15	1.541e-02	2.835e-02	8.765e-02	8.947e-02	7.485e-02	-3.307e-04	-6.456e-02	-9.446e-02	7.457e-01	-9.936e-02	2.998e-02	2.998e-02	2.978e-03	2.998e-02
15	1.153e-02	8.343e-03	9.049e-02	9.088e-02	5.541e-02	-1.072e-03	-5.544e-02	-1.000e-01	7.654e-01	-9.346e-02	2.970e-02	2.971e-02	2.772e-03	2.970e-02
15	5.000e-03	1.986e-02	7.626e-02	8.754e-02	7.992e-02	-1.913e-03	-7.006e-02	-1.000e-01	7.180e-01	-1.000e-01	3.036e-02	3.036e-02	2.907e-03	3.036e-02
15	1.792e-02	3.179e-02	8.662e-02	9.061e-02	4.830e-02	0.000e+00	-5.969e-02	-9.512e-02	7.535e-01	-1.000e-01	3.024e-02	3.026e-02	2.869e-03	3.024e-02
16	8.223e-03	1.188e-02	7.660e-02	8.877e-02	2.704e-02	-4.188e-03	-5.642e-02	-1.000e-01	8.000e-01	-1.000e-01	2.972e-02	2.973e-02	2.576e-03	2.973e-02
16	7.241e-03	3.124e-02	6.492e-02	8.923e-02	6.367e-02	-2.001e-04	-6.317e-02	-9.325e-02	7.603e-01	-8.890e-02	2.887e-02	2.887e-02	2.731e-03	2.886e-02
16	9.373e-03	6.648e-02	9.563e-02	8.895e-02	8.691e-02	-6.873e-03	-4.114e-02	-9.495e-02	7.592e-01	-1.000e-01	2.961e-02	2.962e-02	3.140e-03	1.316e-02
16	1.220e-02	2.352e-02	7.909e-02	8.944e-02	5.085e-02	-7.743e-03	-7.268e-02	-1.000e-01	7.529e-01	-1.000e-01	3.052e-02	3.059e-02	2.931e-03	3.052e-02
16	8.589e-03	2.856e-02	8.366e-02	8.184e-02	5.406e-02	0.000e+00	-5.104e-02	-1.000e-01	8.000e-01	-9.984e-02	3.186e-02	3.187e-02	2.727e-03	3.186e-02
16	1.606e-02	3.904e-02	8.368e-02	9.079e-02	1.067e-01	0.000e+00	-4.088e-02	-9.765e-02	7.602e-01	-1.000e-01	2.619e-02	2.621e-02	2.969e-03	2.620e-02
16	1.538e-02	2.835e-02	7.374e-02	8.804e-02	9.180e-02	0.000e+00	-5.747e-02	-9.502e-02	7.520e-01	-1.000e-01	2.791e-02	2.792e-02	2.868e-03	2.791e-02
16	1.414e-02	1.654e-02	8.584e-02	7.940e-02	1.120e-01	-9.682e-03	-6.400e-02	-1.000e-01	7.617e-01	-1.000e-01	2.183e-02	2.187e-02	3.051e-03	2.183e-02
17	6.563e-03	2.766e-02	8.544e-02	8.808e-02	8.207e-02	-4.441e-03	-6.207e-02	-9.968e-02	7.954e-01	-1.000e-01	3.042e-02	3.042e-02	2.982e-03	3.042e-02
17	1.382e-02	2.078e-02	6.840e-02	9.038e-02	4.446e-02	-3.323e-03	-4.363e-02	-9.191e-02	7.691e-01	-8.992e-02	2.780e-02	2.780e-02	2.495e-03	2.641e-02
17	1.224e-02	1.682e-02	8.771e-02	6.895e-02	5.866e-02	0.000e+00	-6.370e-02	-1.000e-01	7.821e-01	-9.697e-02	3.079e-02	3.085e-02	2.744e-03	3.081e-02
17	7.254e-03	3.267e-02	6.726e-02	8.558e-02	3.587e-02	0.000e+00	-5.340e-02	-1.000e-01	7.631e-01	-9.945e-02	2.974e-02	2.974e-02	2.599e-03	2.974e-02
17	1.421e-02	3.778e-02	9.182e-02	7.630e-02	5.544e-02	-3.332e-03	-4.080e-02	-1.000e-01	7.993e-01	-1.000e-01	3.067e-02	3.069e-02	2.771e-03	3.068e-02
17	1.212e-02	2.912e-02	8.316e-02	7.821e-02	5.395e-02	-1.088e-02	-6.924e-02	-9.592e-02	7.743e-01	-9.321e-02	2.800e-02	2.805e-02	2.897e-03	2.802e-02
17	8.592e-03	8.963e-03	8.547e-02	8.772e-02	4.777e-02	0.000e+00	-4.126e-02	-1.000e-01	7.911e-01	-1.000e-01	3.144e-02	3.144e-02	2.550e-03	3.144e-02
17	1.664e-02	2.942e-02	6.099e-02	9.231e-02	6.424e-02	0.000e+00	-6.917e-02	-9.493e-02	7.440e-01	-9.321e-02	2.893e-02	2.897e-02	2.803e-03	2.893e-02
18	1.487e-02	1.932e-02	8.439e-02	6.131e-02	5.747e-02	0.000e+00	-4.727e-02	-9.901e-02	8.000e-01	-1.000e-01	3.131e-02	3.143e-02	2.545e-03	3.131e-02
18	9.460e-03	8.893e-03	8.482e-02	7.703e-02	4.905e-02	-2.411e-03	-4.409e-02	-1.000e-01	8.000e-01	-9.428e-02	3.039e-02	3.040e-02	2.527e-03	3.039e-02
18	1.195e-02	3.153e-02	8.007e-02	8.841e-02	2.259e-02	0.000e+00	-5.662e-02	-9.863e-02	7.495e-01	-1.000e-01	2.958e-02	2.959e-02	2.690e-03	2.957e-02
18	1.006e-02	2.291e-02	9.218e-02	8.965e-02	4.305e-02	-3.908e-03	-5.774e-02	-1.000e-01	7.688e-01	-9.813e-02	2.938e-02	2.939e-02	2.848e-03	2.938e-02
18	5.000e-03	1.683e-02	6.882e-02	8.408e-02	4.956e-02	0.000e+00	-3.349e-02	-9.892e-02	7.866e-01	-1.000e-01	3.160e-02	3.161e-02	2.370e-03	5.266e-03
18	1.389e-02	2.540e-02	8.946e-02	7.613e-02	5.649e-02	-2.997e-03	-4.438e-02	-9.993e-02	7.935e-01	-9.823e-02	3.082e-02	3.088e-02	2.705e-03	3.082e-02
18	1.321e-02	3.704e-02	7.659e-02	8.953e-02	5.155e-02	-7.620e-04	-5.191e-02	-9.924e-02	7.978e-01	-1.000e-01	3.065e-02	3.066e-02	2.785e-03	3.065e-02
18	1.027e-02	2.547e-02	8.452e-02	6.304e-02	5.215e-02	0.000e+00	-6.667e-02	-9.973e-02	5.396e-01	-9.664e-02	2.816e-02	2.818e-02	2.745e-03	2.816e-02
19	1.154e-02	1.917e-02	9.170e-02	8.912e-02	4.183e-02	-6.982e-03	-3.873e-02	-9.925e-02	7.666e-01	-9.662e-02	2.958e-02	2.958e-02	2.672e-03	2.958e-02
19	1.533e-02	1.984e-02	8.541e-02	8.874e-02	5.315e-02	-9.170e-05	-3.961e-02	-9.662e-02	8.000e-01	-9.544e-02	3.055e-02	3.056e-02	2.630e-03	3.055e-02
19	1.952e-02	7.073e-03	7.481e-02	7.532e-02	5.643e-02	-1.025e-03	-5.336e-02	-9.846e-02	8.000e-01	-9.348e-02	3.085e-02	3.090e-02	2.548e-03	3.085e-02
19	1.328e-02	3.914e-02	8.832e-02	7.794e-02	4.695e-02	-3.960e-03	-5.148e-02	-9.631e-02	7.603e-01	-1.000e-01	2.935e-02	2.937e-02	2.792e-03	2.935e-02
19	1.581e-02	3.405e-02	1.002e-01	5.337e-02	5.200e-02	-1.545e-03	-4.027e-02	-9.774e-02	7.506e-01	-9.797e-02	2.912e-02	2.916e-02	2.638e-03	2.912e-02
19	1.369e-02	2.320e-02	8.607e-02	7.589e-02	3.904e-02	-3.773e-03	-5.364e-02	-9.946e-02	7.945e-01	-9.467e-02	2.950e-02	2.951e-02	2.677e-03	2.950e-02
19	9.608e-03	1.147e-02	9.273e-02	8.493e-02	3.759e-02	0.000e+00	-3.602e-02	-1.000e-01	7.852e-01	-1.000e-01	3.111e-02	3.116e-02	2.527e-03	3.111e-02
19	1.032e-02	4.941e-02	8.623e-02	7.897e-02	1.022e-01	-4.850e-03	-6.309e-02	-9.947e-02	7.821e-01	-9.263e-02	2.735e-02	2.735e-02	3.172e-03	4.490e-03
20	1.325e-02	2.653e-02	8.647e-02	8.847e-02	8.406e-02	-2.902e-04	-5.401e-02	-9.859e-02	7.648e-01	-8.938e-02	2.938e-02	2.940e-02	2.928e-03	2.939e-02
20	9.934e-03	1.769e-02	9.159e-02	7.660e-02	6.594e-02	0.000e+00	-1.978e-02	-9.797e-02	8.000e-01	-9.647e-02	3.210e-02	3.212e-02	2.464e-03	2.449e-02
20	1.102e-02	1.882e-02	8.473e-02	8.280e-02	7.285e-02	-2.247e-03	-4.360e-02	-9.656e-02	8.000e-01	-9.291e-02	3.081e-02	3.084e-02	2.686e-03	3.081e-02
20	1.307e-02	1.494e-02	7.607e-02	9.148e-02	5.212e-02	-1.363e-03	-3.096e-02	-9.963e-02	7.980e-01	-9.775e-02	3.115e-02	3.120e-02	2.491e-03	2.899e-02
20	1.508e-02	2.171e-02	8.985e-02	8.906e-02	5.158e-02	-3.139e-03	-5.158e-02	-9.977e-02	8.000e-01	-9.627e-02	3.019e-02	3.021e-02	2.811e-03	3.018e-02
20	6.600e-03	1.924e-02	6.889e-02	7.927e-02	2.810e-02	-1.086e-03	-5.451e-02	-9.967e-02	7.691e-01	-1.000e-01	2.941e-02	2.946e-02	2.469e-03	2.280e-02
20	1.296e-02	2.174e-02	9.227e-02	6.902e-02	3.356e-02	-3.110e-03	-2.813e-02	-9.813e-02	8.000e-01	-9.772e-02	2.975e-02	2.975e-02	2.425e-03	1.429e-02
20	1.270e-02	1.460e-02	8.551e-02	7.701e-02	4.395e-02	0.000e+00	-4.446e-02	-9.888e-02	8.000e-01	-9.249e-02	3.054e-02	3.055e-02	2.542e-03	3.054e-02
21	9.694e-03	2.873e-02	7.173e-02	8.783e-02	7.955e-02	0.000e+00	-5.573e-02	-9.985e-02	7.890e-01	-9.641e-02	3.116e-02	3.117e-02	2.811e-03	3.116e-02
21	1.254e-02	2.582e-02	7.383e-02	9.013e-02	7.891e-02	-4.181e-03	-5.980e-02	-9.832e-02	7.770e-01	-9.298e-02	2.978e-02	2.983e-02	2.879e-03	2.978e-02
21	1.144e-02	3.145e-02	8.161e-02	8.872e-02	5.646e-02	-1.022e-03	-5.670e-02	-9.930e-02	7.887e-01	-9.582e-02	3.060e-02	3.062e-02	2.839e-03	3.061e-02
21	1.639e-02	0.000e+00	8.160e-02	9.202e-02	5.423e-02	-2.049e-03	-6.297e-02	-9.875e-02	8.000e-01	-9.942e-02	2.990e-02	2.990e-02	2.723e-03	2.990e-02
21	1.220e-02	1.111e-02	7.785e-02	7.361e-02	3.914e-02	-4.067e-03	-5.065e-02	-9.688e-02	7.737e-01	-9.128e-02	2.838e-02	2.840e-02	2.479e-03	2.378e-02
21	1.376e-02	2.593e-02	8.836e-02	8.948e-02	8.826e-02	-4.428e-03	-6.647e-02	-9.971e-02	7.498e-01	-9.515e-02	2.875e-02	2.877e-02	3.094e-03	2.160e-02
21	1.145e-02	3.433e-02	8.630e-02	8.612e-02	3.335e-02	-3.161e-03	-5.395e-02	-1.000e-01	7.864e-01	-9.910e-02	3.004e-02	3.015e-02	2.785e-03	3.003e-02
21	1.451e-02	1.820e-02	8.416e-02	8.852e-02	3.505e-02	-2.339e-03	-6.658e-02	-9.630e-02	7.775e-01	-9.118e-02	2.784e-02	2.791e-02	2.776e-03	2.783e-02
22	1.392e-02	2.371e-02	8.383e-02	8.617e-02	5.825e-02	-3.692e-03	-4.860e-02	-9.893e-02	7.737e-01	-1.000e-01	3.067e-02	3.068e-02	2.750e-03	3.068e-02
22	1.336e-02	3.130e-02	9.013e-02	8.865e-02	9.160e-02	-7.262e-04	-4.791e-02	-9.989e-02	7.712e-01	-9.210e-02	2.950e-02	2.951e-02	2.975e-03	2.950e-02
22	1.447e-02	3.088e-02	9.352e-02	8.932e-02	4.581e-02	-2.580e-03	-5.917e-02	-1.000e-01	7.767e-01	-9.119e-02	2.969e-02	2.971e-02	2.941e-03	2.969e-02
22	8.201e-03	4.967e-03	8.647e-02	7.529e-02	4.260e-02	-2.377e-03	-5.025e-02	-1.000e-01	8.000e-01	-9.535e-02	2.980e-02	2.981e-02	2.526e-03	2.980e-02
22	1.363e-02	5.368e-02	8.977e-02	8.894e-02	5.351e-02	-2.218e-03	-5.691e-02	-9.775e-02	7.897e-01	-1.000e-01	2.990e-02	2.992e-02	3.033e-03	2.990e-02
22	7.522e-03	0.000e+00	7.780e-02	7.149e-02	5.988e-02	-1.261e-03	-5.691e-02	-9.919e-02	8.000e-01	-9.666e-02	3.067e-02	3.071e-02	2.509e-03	3.066e-02
22	1.141e-02	3.226e-02	7.899e-02	9.389e-02	6.983e-02	-6.546e-04	-6.494e-02	-9.969e-02	8.000e-01	-1.000e-01	3.076e-02	3.080e-02	2.972e-03	3.076e-02
22	9.654e-03	4.311e-02	7.052e-02	8.946e-02	6.654e-02	-2.189e-03	-5.075e-02	-9.902e-02	7.961e-01	-9.450e-02	3.060e-02	3.065e-02	2.817e-03	3.060e-02
23	8.061e-03	2.418e-02	5.820e-02	9.022e-02	7.114e-02	-2.168e-04	-5.933e-02	-1.000e-01	7.814e-01	-1.000e-01	3.079e-02	3.079e-02	2.687e-03	3.079e-02
23	1.005e-02	1.007e-02	8.735e-02	8.787e-02	5.618e-02	-9.346e-04	-5.684e-02	-9.888e-02	8.000e-01	-1.000e-01	3.082e-02	3.083e-02	2.734e-03	3.082e-02
23	1.575e-02	2.540e-02	8.814e-02	9.025e-02	5.546e-02	0.000e+00	-4.568e-02	-9.790e-02	7.845e-01	-9.863e-02	3.033e-02	3.036e-02	2.764e-03	3.034e-02
23	1.275e-02	7.525e-03	8.706e-02	8.013e-02	7.069e-02	0.000e+00	-5.203e-02	-9.736e-02	7.914e-01	-9.869e-02	3.098e-02	3.098e-02	2.675e-03	3.098e-02
23	9.079e-03	2.242e-02	7.231e-02	9.044e-02	5.311e-02	-5.509e-04	-6.558e-02	-1.000e-01	7.915e-01	-9.630e-02	3.056e-02	3.060e-02	2.777e-03	3.055e-02
23	1.342e-02	1.523e-02	8.248e-02	6.707e-02	6.424e-02	-9.913e-04	-3.431e-02	-9.923e-02	8.000e-01	-9.529e-02	3.295e-02	3.387e-02	2.463e-03	2.510e-02
23	9.422e-03	3.465e-02	8.437e-02	9.236e-02	9.309e-02	-5.564e-03	-6.915e-02	-9.908e-02	7.900e-01	-9.824e-02	2.725e-02	2.730e-02	3.157e-03	7.376e-03
23	9.156e-03	1.326e-02	7.303e-02	9.272e-02	5.459e-02	0.000e+00	-5.515e-02	-9.773e-02	7.760e-01	-9.536e-02	3.020e-02	3.026e-02	2.641e-03	3.020e-02
24	1.281e-02	1.511e-02	7.474e-02	8.219e-02	7.732e-02	-3.564e-03	-4.696e-02	-9.870e-02	7.997e-01	-1.000e-01	3.105e-02	3.114e-02	2.653e-03	3.105e-02
24	8.707e-03	2.069e-02	8.665e-02	8.841e-02	5.640e-02	-1.182e-03	-6.064e-02	-9.787e-02	7.880e-01	-9.919e-02	3.069e-02	3.070e-02	2.819e-03	3.070e-02
24	8.044e-03	1.984e-02	7.159e-02	8.782e-02	3.547e-02	-2.632e-03	-5.917e-02	-9.907e-02	7.880e-01	-1.000e-01	3.009e-02	3.011e-02	2.619e-03	3.009e-02
24	7.919e-03	2.577e-02	6.902e-02	9.095e-02	8.747e-02	0.000e+00	-5.019e-02	-9.931e-02	8.000e-01	-9.886e-02	2.950e-02	2.951e-02	2.762e-03	2.951e-02
24	5.355e-03	4.538e-02	7.920e-02	9.271e-02	5.397e-02	-1.208e-03	-5.736e-02	-9.909e-02	7.700e-01	-9.668e-02	3.031e-02	3.032e-02	2.907e-03	3.031e-02
24	1.363e-02	1.577e-02	9.136e-02	8.988e-02	8.309e-02	0.000e+00	-5.471e-02	-9.921e-02	7.773e-01	-1.000e-01	3.025e-02	3.025e-02	2.907e-03	3.025e-02
24	1.185e-02	2.171e-02	8.223e-02	9.280e-02	6.460e-02	0.000e+00	-5.192e-02	-9.747e-02	7.910e-01	-1.000e-01	3.106e-02	3.107e-02	2.777e-03	3.106e-02
24	8.867e-03	1.587e-02	7.063e-02	9.159e-02	6.870e-02	-1.233e-03	-6.064e-02	-9.895e-02	7.869e-01	-9.521e-02	3.065e-02	3.068e-02	2.744e-03	3.066e-02
25	1.065e-02	2.106e-02	8.789e-02	8.972e-02	5.568e-02	-3.423e-03	-4.770e-02	-9.933e-02	7.904e-01	-9.968e-02	3.098e-02	3.099e-02	2.761e-03	3.098e-02
25	1.297e-02	1.690e-02	7.914e-02	9.202e-02	7.229e-02	-2.019e-03	-6.029e-02	-9.712e-02	7.920e-01	-9.510e-02	2.928e-02	2.930e-02	2.832e-03	2.929e-02
25	1.139e-02	2.033e-02	7.983e-02	8.945e-02	6.151e-02	-1.672e-03	-5.484e-02	-9.758e-02	8.000e-01	-9.653e-02	3.104e-02	3.105e-02	2.753e-03	3.103e-02
25	1.065e-02	1.944e-02	7.721e-02	8.884e-02	5.405e-02	-2.880e-03	-4.484e-02	-9.714e-02	7.877e-01	-9.741e-02	3.080e-02	3.082e-02	2.614e-03	3.080e-02
25	1.481e-02	1.667e-02	6.537e-02	9.049e-02	6.170e-02	-3.784e-03	-5.864e-02	-9.754e-02	7.860e-01	-9.349e-02	2.993e-02	2.994e-02	2.683e-03	2.993e-02
25	8.933e-03	3.800e-02	8.496e-02	9.650e-02	7.272e-02	0.000e+00	-5.850e-02	-9.806e-02	7.730e-01	-9.839e-02	3.067e-02	3.068e-02	3.004e-03	3.067e-02
25	9.182e-03	5.328e-03	6.692e-02	8.997e-02	8.510e-02	-1.596e-03	-5.783e-02	-9.721e-02	8.000e-01	-9.403e-02	2.811e-02	2.813e-02	2.666e-03	2.811e-02
25	9.556e-03	1.719e-03	7.455e-02	9.116e-02	6.042e-02	-6.245e-03	-6.303e-02	-9.888e-02	7.947e-01	-1.000e-01	2.979e-02	2.980e-02	2.696e-03	2.979e-02
26	1.141e-02	3.589e-02	8.544e-02	8.989e-02	6.129e-02	-5.719e-03	-4.832e-02	-9.632e-02	7.973e-01	-1.000e-01	3.004e-02	3.006e-02	2.850e-03	3.005e-02
26	9.409e-03	1.141e-02	8.323e-02	8.859e-02	6.856e-02	-4.028e-03	-5.927e-02	-9.731e-02	7.845e-01	-9.608e-02	2.990e-02	2.990e-02	2.786e-03	2.990e-02
26	9.396e-03	8.603e-03	8.796e-02	8.530e-02	4.672e-02	-2.213e-03	-5.667e-02	-9.512e-02	7.671e-01	-9.648e-02	2.923e-02	2.926e-02	2.656e-03	2.923e-02
26	1.352e-02	8.028e-03	8.438e-02	9.165e-02	5.707e-02	-3.072e-03	-3.988e-02	-9.789e-02	8.000e-01	-9.971e-02	3.064e-02	3.068e-02	2.600e-03	3.064e-02
26	1.141e-02	1.417e-02	8.011e-02	9.104e-02	5.017e-02	-2.869e-03	-6.139e-02	-9.806e-02	7.883e-01	-9.674e-02	2.982e-02	2.983e-02	2.748e-03	2.982e-02
26	1.333e-02	1.208e-02	9.533e-02	6.214e-02	6.482e-02	-1.359e-03	-4.171e-02	-9.702e-02	7.824e-01	-9.776e-02	3.083e-02	3.084e-02	2.559e-03	3.083e-02
26	1.290e-02	3.828e-02	7.594e-02	9.103e-02	6.664e-02	-2.328e-03	-5.838e-02	-9.838e-02	7.831e-01	-9.862e-02	3.061e-02	3.136e-02	2.908e-03	3.061e-02
26	1.203e-02	3.120e-02	8.078e-02	8.981e-02	5.216e-02	-4.131e-03	-5.799e-02	-9.830e-02	7.707e-01	-9.571e-02	3.055e-02	3.058e-02	2.845e-03	3.055e-02
27	1.376e-02	2.828e-02	5.804e-02	7.103e-02	6.378e-02	-5.543e-04	-4.751e-02	-9.726e-02	7.874e-01	-9.794e-02	3.111e-02	3.114e-02	2.471e-03	2.480e-02
27	1.477e-02	4.182e-02	9.021e-02	7.779e-02	5.418e-02	-1.264e-03	-3.565e-02	-9.789e-02	7.761e-01	-9.592e-02	3.081e-02	3.084e-02	2.725e-03	3.083e-02
27	1.168e-02	1.932e-02	8.454e-02	7.752e-02	5.377e-02	-2.448e-03	-5.453e-02	-9.856e-02	7.863e-01	-9.799e-02	3.045e-02	3.047e-02	2.692e-03	3.046e-02
27	1.119e-02	2.336e-02	9.180e-02	8.023e-02	5.547e-02	-3.628e-03	-4.503e-02	-9.716e-02	7.808e-01	-9.692e-02	3.049e-02	3.051e-02	2.711e-03	3.049e-02
27	1.319e-02	3.058e-02	8.689e-02	7.771e-02	6.781e-02	-2.807e-03	-3.749e-02	-9.695e-02	7.892e-01	-9.846e-02	3.114e-02	3.116e-02	2.686e-03	3.114e-02
27	1.331e-02	4.029e-02	8.797e-02	8.999e-02	5.638e-02	-6.044e-03	-3.761e-02	-9.943e-02	7.733e-01	-9.755e-02	3.097e-02	3.104e-02	2.827e-03	3.097e-02
27	1.044e-02	3.746e-02	8.696e-02	8.900e-02	5.648e-02	-6.123e-03	-5.335e-02	-9.786e-02	7.900e-01	-9.964e-02	3.001e-02	3.002e-02	2.903e-03	3.001e-02
27	1.781e-02	1.886e-02	7.833e-02	7.964e-02	5.105e-02	-4.065e-03	-4.830e-02	-9.818e-02	7.791e-01	-9.735e-02	3.059e-02	3.065e-02	2.619e-03	3.059e-02
28	1.239e-02	3.877e-02	8.579e-02	9.118e-02	5.643e-02	-2.687e-03	-4.768e-02	-9.669e-02	7.739e-01	-9.869e-02	2.996e-02	2.996e-02	2.847e-03	2.996e-02
28	1.668e-02	3.146e-02	9.848e-02	5.413e-02	5.574e-02	-3.919e-03	-3.116e-02	-9.845e-02	7.877e-01	-9.818e-02	3.050e-02	3.052e-02	2.571e-03	3.051e-02
28	1.420e-02	4.824e-02	9.140e-02	8.206e-02	7.699e-02	-1.456e-03	-3.045e-02	-9.867e-02	7.804e-01	-9.855e-02	3.163e-02	3.165e-02	2.844e-03	3.163e-02
28	1.500e-02	5.440e-02	8.812e-02	8.807e-02	6.172e-02	-2.866e-03	-3.641e-02	-9.838e-02	7.885e-01	-9.725e-02	3.081e-02	3.089e-02	2.894e-03	3.081e-02
28	1.435e-02	1.464e-02	9.368e-02	7.724e-02	5.151e-02	-5.377e-03	-4.661e-02	-9.889e-02	7.772e-01	-9.689e-02	2.993e-02	2.994e-02	2.687e-03	2.993e-02
28	1.134e-02	3.984e-02	8.618e-02	4.426e-02	6.310e-02	-2.154e-03	-4.416e-02	-9.923e-02	7.931e-01	-9.575e-02	3.039e-02	3.042e-02	2.581e-03	3.039e-02
28	1.219e-02	1.803e-02	9.174e-02	8.848e-02	6.596e-02	-2.352e-03	-4.387e-02	-9.649e-02	7.861e-01	-9.853e-02	3.015e-02	3.017e-02	2.748e-03	3.015e-02
28	1.528e-02	3.158e-02	9.300e-02	9.076e-02	5.766e-02	-5.674e-03	-3.709e-02	-9.797e-02	7.807e-01	-9.795e-02	2.984e-02	2.988e-02	2.810e-03	2.984e-02
29	1.370e-02	6.138e-02	9.580e-02	6.180e-02	6.127e-02	-3.076e-03	-2.589e-02	-9.850e-02	7.851e-01	-9.996e-02	3.101e-02	3.102e-02	2.745e-03	3.101e-02
29	1.150e-02	4.741e-02	9.089e-02	6.697e-02	8.943e-02	-2.267e-03	-2.427e-02	-9.867e-02	7.858e-01	-9.824e-02	3.208e-02	3.208e-02	2.733e-03	3.208e-02
29	1.389e-02	4.552e-02	8.639e-02	9.178e-02	6.108e-02	-6.121e-03	-4.595e-02	-9.888e-02	7.826e-01	-9.870e-02	3.030e-02	3.031e-02	2.943e-03	3.030e-02
29	1.166e-02	4.173e-02	9.019e-02	8.890e-02	6.418e-02	-4.345e-03	-2.722e-02	-9.757e-02	7.794e-01	-9.661e-02	3.107e-02	3.107e-02	2.760e-03	3.107e-02
29	1.528e-02	5.102e-02	8.810e-02	8.827e-02	6.165e-02	-2.679e-03	-3.607e-02	-9.860e-02	7.825e-01	-9.923e-02	3.135e-02	3.135e-02	2.874e-03	3.135e-02
29	1.523e-02	7.000e-02	9.317e-02	8.845e-02	7.567e-02	-2.165e-03	-2.790e-02	-9.829e-02	7.746e-01	-9.792e-02	3.082e-02	3.084e-02	3.012e-03	3.082e-02
29	1.843e-02	5.178e-02	9.222e-02	8.935e-02	6.752e-02	-1.772e-03	-3.059e-02	-9.867e-02	7.744e-01	-9.928e-02	3.122e-02	3.127e-02	2.899e-03	3.121e-02
29	1.727e-02	4.691e-02	8.760e-02	8.685e-02	7.057e-02	-3.021e-03	-4.861e-02	-9.861e-02	7.881e-01	-9.821e-02	3.075e-02	3.076e-02	2.980e-03	3.075e-02
30	1.413e-02	5.176e-02	9.487e-02	4.474e-02	6.940e-02	-1.684e-03	-4.771e-03	-9.899e-02	7.947e-01	-9.701e-02	3.218e-02	3.219e-02	2.427e-03	1.710e-02
30	1.533e-02	5.518e-02	9.006e-02	6.993e-02	9.108e-02	-1.820e-03	-2.741e-02	-9.827e-02	7.807e-01	-9.860e-02	3.269e-02	3.279e-02	2.833e-03	3.269e-02
30	1.332e-02	5.971e-02	8.889e-02	7.527e-02	7.028e-02	-2.115e-03	-5.140e-02	-9.864e-02	7.725e-01	-9.736e-02	3.091e-02	3.091e-02	3.005e-03	3.091e-02
30	1.362e-02	3.882e-02	9.192e-02	8.888e-02	7.514e-02	-1.734e-03	-3.831e-02	-9.893e-02	7.717e-01	-9.671e-02	3.067e-02	3.067e-02	2.892e-03	3.067e-02
30	1.250e-02	7.000e-02	9.591e-02	8.678e-02	1.005e-01	-1.339e-03	-1.816e-02	-9.888e-02	7.826e-01	-9.727e-02	3.101e-02	3.102e-02	3.026e-03	3.101e-02
30	1.056e-02	7.000e-02	7.956e-02	6.986e-02	6.708e-02	-3.184e-03	-1.929e-02	-9.883e-02	7.975e-01	-9.969e-02	3.116e-02	3.118e-02	2.681e-03	3.117e-02
30	1.093e-02	3.833e-02	8.964e-02	5.886e-02	8.064e-02	-3.253e-03	-3.372e-02	-9.928e-02	7.928e-01	-9.824e-02	3.217e-02	3.221e-02	2.670e-03	3.217e-02
30	1.016e-02	4.325e-02	9.931e-02	5.678e-02	7.202e-02	-8.724e-04	-2.281e-02	-9.788e-02	7.840e-01	-9.909e-02	3.258e-02	3.263e-02	2.614e-03	3.258e-02
31	6.802e-03	6.024e-02	9.830e-02	6.638e-02	7.221e-02	-3.733e-03	-1.479e-02	-9.770e-02	7.711e-01	-9.801e-02	3.132e-02	3.132e-02	2.708e-03	3.132e-02
31	1.182e-02	5.948e-02	8.259e-02	8.711e-02	1.054e-01	-1.194e-03	-3.774e-02	-9.887e-02	7.730e-01	-9.823e-02	2.746e-02	2.747e-02	3.035e-03	2.746e-02
31	1.338e-02	6.042e-02	8.982e-02	7.213e-02	5.821e-02	-3.213e-03	-1.883e-02	-9.937e-02	7.794e-01	-9.754e-02	3.121e-02	3.123e-02	2.693e-03	3.122e-02
31	1.214e-02	4.214e-02	9.393e-02	5.731e-02	7.274e-02	-2.229e-03	-4.649e-02	-9.870e-02	7.920e-01	-9.806e-02	3.109e-02	3.111e-02	2.788e-03	3.109e-02
31	1.347e-02	4.204e-02	9.014e-02	5.147e-02	7.202e-02	-2.463e-03	-3.749e-02	-9.949e-02	7.913e-01	-9.748e-02	3.194e-02	3.196e-02	2.657e-03	3.193e-02
31	8.160e-03	4.520e-02	7.980e-02	7.181e-02	6.863e-02	-2.349e-03	-4.080e-02	-9.836e-02	7.899e-01	-9.713e-02	3.101e-02	3.102e-02	2.710e-03	3.101e-02
31	1.207e-02	4.710e-02	8.859e-02	3.966e-02	8.718e-02	-3.145e-03	-1.430e-02	-9.916e-02	7.880e-01	-9.832e-02	3.292e-02	3.294e-02	2.465e-03	2.550e-02
31	1.225e-02	3.156e-02	9.895e-02	7.899e-02	7.965e-02	0.000e+00	-3.346e-02	-9.864e-02	7.842e-01	-9.757e-02	3.137e-02	3.140e-02	2.800e-03	3.137e-02
32	1.002e-02	3.843e-02	9.144e-02	8.806e-02	7.294e-02	0.000e+00	-4.237e-02	-9.929e-02	7.944e-01	-9.903e-02	3.125e-02	3.147e-02	2.883e-03	3.126e-02
32	1.528e-02	5.229e-02	9.180e-02	9.012e-02	7.685e-02	-7.124e-04	-5.089e-02	-9.790e-02	7.756e-01	-9.673e-02	3.073e-02	3.074e-02	3.086e-03	2.508e-02
32	1.437e-02	3.892e-02	9.767e-02	5.853e-02	6.271e-02	-1.910e-03	-4.269e-02	-9.848e-02	7.829e-01	-9.764e-02	3.014e-02	3.018e-02	2.741e-03	3.014e-02
32	1.125e-02	6.914e-02	9.683e-02	7.320e-02	1.011e-01	-1.647e-03	-3.386e-02	-9.858e-02	7.872e-01	-9.819e-02	3.031e-02	3.033e-02	3.071e-03	2.774e-02
32	1.381e-02	2.891e-02	9.097e-02	7.059e-02	7.961e-02	-3.221e-03	-2.935e-02	-9.788e-02	7.827e-01	-9.792e-02	3.195e-02	3.196e-02	2.653e-03	3.195e-02
32	1.655e-02	4.648e-02	9.462e-02	6.150e-02	9.015e-02	-1.709e-03	-4.803e-03	-9.896e-02	7.863e-01	-9.759e-02	3.339e-02	3.340e-02	2.582e-03	3.339e-02
32	8.058e-03	3.958e-02	9.017e-02	7.199e-02	8.032e-02	-3.076e-03	-4.693e-02	-9.715e-02	7.805e-01	-9.638e-02	3.083e-02	3.090e-02	2.844e-03	3.083e-02
32	1.295e-02	3.648e-02	9.408e-02	5.810e-02	4.453e-02	-3.078e-03	-1.789e-02	-9.818e-02	7.824e-01	-9.745e-02	2.999e-02	3.008e-02	2.422e-03	1.394e-02
33	1.175e-02	1.861e-02	9.282e-02	6.153e-02	9.533e-02	-8.746e-04	-2.239e-02	-9.784e-02	7.915e-01	-9.751e-02	3.075e-02	3.075e-02	2.527e-03	3.075e-02
33	1.437e-02	3.771e-02	9.541e-02	6.199e-02	7.755e-02	-2.239e-03	-5.896e-03	-9.777e-02	7.753e-01	-9.718e-02	3.308e-02	3.313e-02	2.485e-03	2.964e-02
33	1.753e-02	4.497e-02	9.070e-02	7.438e-02	8.150e-02	-1.369e-03	-3.163e-02	-9.955e-02	7.945e-01	-9.775e-02	3.198e-02	3.201e-02	2.815e-03	3.198e-02
33	1.258e-02	1.505e-02	9.483e-02	3.776e-02	7.006e-02	-2.822e-03	-3.638e-02	-9.940e-02	7.885e-01	-9.751e-02	3.165e-02	3.168e-02	2.423e-03	1.581e-02
33	6.492e-03	2.748e-02	9.304e-02	5.785e-02	8.775e-02	-5.658e-04	-1.923e-02	-9.856e-02	7.958e-01	-9.815e-02	3.277e-02	3.283e-02	2.492e-03	3.074e-02
33	9.125e-03	3.304e-02	9.395e-02	8.064e-02	8.893e-02	-7.550e-05	-3.387e-02	-9.776e-02	7.880e-01	-9.641e-02	3.066e-02	3.066e-02	2.801e-03	3.066e-02
33	1.723e-02	2.408e-02	9.481e-02	8.713e-02	6.329e-02	-2.087e-03	-2.128e-02	-9.860e-02	7.963e-01	-9.814e-02	3.172e-02	3.173e-02	2.636e-03	3.172e-02
33	1.396e-02	1.926e-02	9.204e-02	8.671e-02	8.380e-02	-2.550e-05	-3.027e-02	-9.847e-02	8.000e-01	-9.772e-02	3.128e-02	3.130e-02	2.710e-03	3.128e-02
34	1.427e-02	1.262e-02	9.585e-02	7.092e-02	7.455e-02	-2.391e-03	-2.776e-02	-9.840e-02	8.000e-01	-9.717e-02	3.177e-02	3.177e-02	2.560e-03	3.177e-02
34	1.333e-02	1.978e-02	8.656e-02	8.889e-02	7.643e-02	-1.113e-03	-4.421e-02	-9.818e-02	7.917e-01	-9.768e-02	3.059e-02	3.061e-02	2.773e-03	3.059e-02
34	1.493e-02	1.918e-02	9.237e-02	7.176e-02	8.974e-02	0.000e+00	-2.848e-02	-9.887e-02	8.000e-01	-9.763e-02	3.150e-02	3.151e-02	2.634e-03	3.150e-02
34	1.690e-02	3.866e-02	9.319e-02	7.182e-02	9.238e-02	-1.149e-03	-2.763e-02	-9.914e-02	7.868e-01	-9.724e-02	3.110e-02	3.111e-02	2.782e-03	3.110e-02
34	9.396e-03	2.419e-02	9.195e-02	8.908e-02	6.413e-02	0.000e+00	-2.583e-02	-9.912e-02	7.860e-01	-9.817e-02	3.139e-02	3.147e-02	2.634e-03	3.138e-02
34	1.714e-02	5.273e-02	9.042e-02	7.454e-02	8.299e-02	-8.554e-04	-1.223e-02	-9.998e-02	7.863e-01	-9.877e-02	3.318e-02	3.318e-02	2.708e-03	3.318e-02
34	1.862e-02	2.464e-02	8.747e-02	7.705e-02	5.930e-02	-1.606e-03	-3.310e-02	-9.822e-02	7.924e-01	-9.743e-02	3.075e-02	3.085e-02	2.605e-03	3.076e-02
34	1.657e-02	3.017e-02	9.452e-02	8.773e-02	7.126e-02	-3.192e-03	-3.316e-02	-9.853e-02	7.873e-01	-9.703e-02	3.115e-02	3.128e-02	2.809e-03	3.115e-02
35	1.969e-02	3.746e-02	9.614e-02	6.063e-02	9.159e-02	-2.857e-03	-1.159e-02	-1.000e-01	7.838e-01	-9.803e-02	3.292e-02	3.292e-02	2.619e-03	3.292e-02
35	1.636e-02	2.716e-02	9.311e-02	7.975e-02	8.188e-02	-1.411e-03	-3.280e-02	-1.000e-01	7.835e-01	-9.885e-02	3.126e-02	3.127e-02	2.767e-03	3.127e-02
35	1.778e-02	4.478e-02	9.048e-02	7.038e-02	8.933e-02	-4.629e-04	-8.753e-03	-9.906e-02	7.812e-01	-9.759e-02	3.323e-02	3.325e-02	2.621e-03	3.324e-02
35	1.515e-02	5.747e-02	8.911e-02	5.637e-02	8.147e-02	-1.351e-04	-2.294e-02	-9.914e-02	7.782e-01	-9.767e-02	3.246e-02	3.246e-02	2.681e-03	3.246e-02
35	2.373e-02	4.247e-02	9.694e-02	6.960e-02	7.397e-02	-2.881e-04	-5.958e-03	-9.936e-02	7.795e-01	-9.712e-02	3.316e-02	3.318e-02	2.593e-03	3.316e-02
35	8.828e-03	6.182e-02	9.301e-02	8.875e-02	1.045e-01	0.000e+00	-3.250e-02	-1.000e-01	7.928e-01	-9.922e-02	2.954e-02	2.957e-02	3.084e-03	2.429e-02
35	1.309e-02	3.811e-02	9.212e-02	7.054e-02	7.140e-02	-4.209e-04	-8.232e-03	-1.000e-01	8.000e-01	-9.968e-02	3.419e-02	3.422e-02	2.511e-03	3.419e-02
35	2.312e-02	2.252e-02	9.309e-02	6.904e-02	8.516e-02	-1.600e-03	-1.950e-02	-9.978e-02	7.933e-01	-9.872e-02	3.256e-02	3.260e-02	2.596e-03	3.256e-02
36	1.890e-02	2.747e-02	9.354e-02	7.711e-02	7.570e-02	-1.030e-03	-1.270e-02	-1.000e-01	7.881e-01	-9.798e-02	3.291e-02	3.292e-02	2.573e-03	3.291e-02
36	1.998e-02	3.101e-02	9.367e-02	6.490e-02	7.332e-02	-1.652e-03	-1.086e-02	-9.853e-02	7.812e-01	-9.828e-02	3.268e-02	3.269e-02	2.494e-03	3.103e-02
36	1.182e-02	4.389e-02	8.914e-02	7.017e-02	8.892e-02	0.000e+00	-1.794e-02	-9.876e-02	7.987e-01	-9.820e-02	3.301e-02	3.304e-02	2.651e-03	3.300e-02
36	2.171e-02	7.000e-02	9.774e-02	6.233e-02	9.112e-02	-1.953e-03	0.000e+00	-9.808e-02	7.665e-01	-9.915e-02	3.270e-02	3.270e-02	2.733e-03	3.270e-02
36	1.838e-02	2.957e-02	9.587e-02	7.259e-02	8.928e-02	-7.251e-04	-1.443e-02	-1.000e-01	7.948e-01	-1.000e-01	3.332e-02	3.334e-02	2.636e-03	3.332e-02
36	1.327e-02	4.836e-02	9.609e-02	4.399e-02	8.202e-02	-4.722e-04	-8.274e-03	-9.926e-02	7.955e-01	-9.818e-02	3.360e-02	3.361e-02	2.478e-03	2.881e-02
36	2.458e-02	1.221e-02	9.766e-02	5.898e-02	8.216e-02	-1.416e-03	-2.046e-02	-9.904e-02	7.860e-01	-9.821e-02	3.213e-02	3.218e-02	2.502e-03	3.213e-02
36	1.961e-02	3.373e-02	9.483e-02	6.044e-02	7.682e-02	0.000e+00	-1.446e-03	-1.000e-01	7.857e-01	-9.807e-02	3.401e-02	3.443e-02	2.429e-03	1.959e-02
37	1.779e-02	2.413e-02	9.046e-02	6.504e-02	7.898e-02	-2.701e-03	-3.223e-02	-9.941e-02	7.952e-01	-9.896e-02	3.209e-02	3.210e-02	2.628e-03	3.209e-02
37	1.948e-02	4.881e-02	9.600e-02	7.605e-02	8.223e-02	-1.495e-03	-9.367e-03	-9.766e-02	7.800e-01	-9.911e-02	3.291e-02	3.292e-02	2.701e-03	3.291e-02
37	1.572e-02	2.940e-02	9.402e-02	7.011e-02	8.310e-02	-1.912e-03	-2.243e-02	-9.815e-02	7.858e-01	-9.739e-02	3.193e-02	3.194e-02	2.634e-03	3.193e-02
37	1.508e-02	2.858e-02	8.894e-02	7.704e-02	7.323e-02	-9.501e-04	-3.844e-02	-1.000e-01	7.971e-01	-9.859e-02	3.195e-02	3.201e-02	2.733e-03	3.194e-02
37	1.352e-02	3.625e-02	9.614e-02	5.423e-02	8.312e-02	0.000e+00	-1.561e-02	-9.985e-02	7.843e-01	-9.783e-02	3.274e-02	3.276e-02	2.535e-03	3.273e-02
37	1.237e-02	2.082e-02	9.235e-02	7.221e-02	8.357e-02	-9.251e-04	0.000e+00	-9.842e-02	7.964e-01	-9.990e-02	3.316e-02	3.317e-02	2.379e-03	8.493e-03
37	2.558e-02	3.730e-02	9.377e-02	7.271e-02	9.828e-02	0.000e+00	0.000e+00	-1.000e-01	7.903e-01	-9.899e-02	3.251e-02	3.253e-02	2.607e-03	3.251e-02
37	1.842e-02	3.042e-02	9.416e-02	7.450e-02	9.126e-02	-1.243e-03	-2.720e-02	-9.955e-02	7.887e-01	-9.776e-02	3.144e-02	3.145e-02	2.754e-03	3.145e-02
38	2.080e-02	3.267e-02	9.433e-02	7.701e-02	8.932e-02	-1.054e-03	-1.968e-02	-9.780e-02	7.858e-01	-9.693e-02	3.105e-02	3.111e-02	2.710e-03	3.105e-02
38	1.392e-02	4.480e-02	8.988e-02	7.645e-02	7.954e-02	-1.954e-03	-2.260e-02	-9.884e-02	7.885e-01	-9.904e-02	3.246e-02	3.248e-02	2.723e-03	3.247e-02
38	1.522e-02	3.063e-02	9.203e-02	6.888e-02	7.984e-02	-1.601e-03	-2.301e-02	-9.883e-02	7.925e-01	-9.791e-02	3.198e-02	3.209e-02	2.613e-03	3.198e-02
38	1.864e-02	3.459e-02	9.864e-02	5.859e-02	7.691e-02	-8.446e-04	0.000e+00	-9.935e-02	7.903e-01	-9.756e-02	3.305e-02	3.306e-02	2.438e-03	2.017e-02
38	2.194e-02	1.823e-02	9.721e-02	6.795e-02	9.058e-02	0.000e+00	0.000e+00	-1.000e-01	7.912e-01	-9.953e-02	3.271e-02	3.271e-02	2.442e-03	2.079e-02
38	1.625e-02	4.814e-02	8.926e-02	7.686e-02	9.069e-02	-6.030e-04	-3.605e-02	-1.000e-01	7.977e-01	-9.806e-02	3.092e-02	3.094e-02	2.905e-03	3.093e-02
38	1.934e-02	2.640e-02	9.361e-02	7.771e-02	8.382e-02	-7.623e-04	-1.144e-02	-9.979e-02	7.974e-01	-9.951e-02	3.383e-02	3.384e-02	2.588e-03	3.383e-02
38	1.498e-02	1.598e-03	8.949e-02	7.762e-02	8.339e-02	-4.134e-04	-4.679e-02	-9.909e-02	8.000e-01	-9.857e-02	3.050e-02	3.052e-02	2.670e-03	3.050e-02
39	2.020e-02	2.863e-02	9.188e-02	7.055e-02	7.319e-02	-1.314e-03	-1.678e-02	-1.000e-01	7.873e-01	-9.856e-02	3.296e-02	3.296e-02	2.559e-03	3.296e-02
39	1.373e-02	3.293e-02	8.806e-02	8.824e-02	7.646e-02	-1.043e-03	-4.369e-02	-1.000e-01	8.000e-01	-9.884e-02	3.195e-02	3.196e-02	2.874e-03	3.195e-02
39	1.508e-02	2.112e-02	9.129e-02	8.007e-02	7.682e-02	-1.700e-03	-3.224e-02	-9.866e-02	7.953e-01	-9.932e-02	3.265e-02	3.266e-02	2.678e-03	3.265e-02
39	2.423e-02	3.751e-02	9.479e-02	8.790e-02	8.916e-02	0.000e+00	-1.735e-02	-9.876e-02	7.871e-01	-9.853e-02	3.098e-02	3.099e-02	2.805e-03	3.098e-02
39	1.176e-02	4.646e-02	9.321e-02	6.480e-02	8.853e-02	-1.151e-03	0.000e+00	-9.899e-02	7.867e-01	-9.751e-02	3.329e-02	3.331e-02	2.526e-03	3.329e-02
39	1.560e-02	3.757e-02	9.371e-02	7.800e-02	8.065e-02	-2.099e-04	-1.725e-02	-9.940e-02	7.943e-01	-9.929e-02	3.309e-02	3.311e-02	2.677e-03	3.309e-02
39	1.202e-02	4.876e-02	9.472e-02	7.567e-02	7.793e-02	-4.549e-04	-2.151e-02	-9.962e-02	7.962e-01	-9.817e-02	3.243e-02	3.246e-02	2.756e-03	3.243e-02
39	1.377e-02	4.976e-02	8.784e-02	8.781e-02	8.782e-02	-5.884e-04	-3.472e-02	-9.842e-02	7.975e-01	-9.801e-02	3.147e-02	3.157e-02	2.928e-03	3.144e-02
40	1.711e-02	1.866e-02	9.294e-02	7.007e-02	7.782e-02	-1.389e-03	-5.507e-03	-9.957e-02	7.887e-01	-9.767e-02	3.334e-02	3.335e-02	2.411e-03	1.516e-02
40	1.825e-02	3.320e-02	8.845e-02	6.724e-02	7.943e-02	-1.391e-03	-2.362e-02	-1.000e-01	7.877e-01	-9.799e-02	3.256e-02	3.257e-02	2.615e-03	3.256e-02
40	2.049e-02	2.581e-02	9.500e-02	6.927e-02	8.271e-02	-1.377e-03	-1.933e-02	-9.908e-02	7.833e-01	-9.662e-02	3.298e-02	3.304e-02	2.609e-03	3.298e-02
40	1.782e-02	1.922e-02	9.376e-02	7.836e-02	7.784e-02	-1.415e-03	-1.840e-02	-9.836e-02	7.900e-01	-9.809e-02	3.211e-02	3.217e-02	2.573e-03	3.211e-02
40	9.921e-03	3.529e-02	9.271e-02	6.605e-02	8.308e-02	-1.513e-03	-3.419e-02	-9.858e-02	7.947e-01	-9.824e-02	3.189e-02	3.193e-02	2.712e-03	3.188e-02
40	1.799e-02	3.502e-02	9.442e-02	6.816e-02	8.611e-02	-3.776e-04	0.000e+00	-9.959e-02	7.898e-01	-9.893e-02	3.386e-02	3.387e-02	2.497e-03	3.281e-02
40	1.545e-02	4.897e-02	9.308e-02	7.204e-02	7.568e-02	-1.433e-03	-5.754e-05	-9.948e-02	7.868e-01	-9.815e-02	3.375e-02	3.377e-02	2.556e-03	3.375e-02
40	1.150e-02	2.789e-02	8.995e-02	7.938e-02	8.739e-02	-1.041e-03	-2.957e-02	-9.960e-02	8.000e-01	-9.773e-02	3.229e-02	3.237e-02	2.716e-03	3.230e-02
41	1.515e-02	2.043e-02	9.736e-02	6.935e-02	7.878e-02	-1.266e-04	-1.496e-02	-9.955e-02	8.000e-01	-9.672e-02	3.268e-02	3.268e-02	2.521e-03	3.268e-02
41	1.475e-02	4.539e-02	9.096e-02	6.704e-02	8.670e-02	-1.588e-03	-1.370e-02	-1.000e-01	7.920e-01	-9.955e-02	3.336e-02	3.337e-02	2.641e-03	3.336e-02
41	1.304e-02	4.087e-02	8.722e-02	6.872e-02	9.042e-02	-1.188e-03	-1.911e-02	-9.994e-02	7.922e-01	-9.800e-02	3.268e-02	3.270e-02	2.645e-03	3.269e-02
41	1.583e-02	1.854e-02	9.313e-02	7.191e-02	9.020e-02	-1.276e-03	-1.706e-02	-9.875e-02	7.910e-01	-9.796e-02	3.160e-02	3.160e-02	2.553e-03	3.160e-02
41	7.349e-03	2.736e-02	9.152e-02	6.757e-02	7.093e-02	-1.940e-03	-3.194e-02	-9.954e-02	7.891e-01	-9.851e-02	3.218e-02	3.220e-02	2.600e-03	3.218e-02
41	1.481e-02	2.766e-02	9.177e-02	7.444e-02	8.254e-02	-7.978e-04	-1.286e-02	-9.941e-02	7.923e-01	-9.741e-02	3.343e-02	3.345e-02	2.552e-03	3.344e-02
41	1.941e-02	4.961e-02	9.780e-02	6.508e-02	8.882e-02	-1.294e-03	0.000e+00	-9.870e-02	7.838e-01	-9.769e-02	3.244e-02	3.248e-02	2.609e-03	3.244e-02
41	1.500e-02	3.318e-02	9.819e-02	6.048e-02	8.203e-02	-1.740e-03	-5.410e-03	-9.845e-02	7.852e-01	-9.705e-02	3.274e-02	3.275e-02	2.485e-03	2.938e-02
42	1.647e-02	3.952e-02	9.518e-02	7.342e-02	8.027e-02	-1.081e-03	-1.919e-02	-1.000e-01	7.931e-01	-9.820e-02	3.294e-02	3.296e-02	2.701e-03	3.294e-02
42	1.145e-02	1.662e-02	8.569e-02	7.233e-02	7.720e-02	-1.055e-03	-3.289e-02	-9.915e-02	8.000e-01	-9.754e-02	3.207e-02	3.210e-02	2.556e-03	3.207e-02
42	1.864e-02	3.732e-02	9.434e-02	6.780e-02	8.902e-02	-1.066e-03	-5.162e-03	-1.000e-01	7.877e-01	-9.810e-02	3.266e-02	3.268e-02	2.572e-03	3.266e-02
42	1.414e-02	5.051e-02	9.494e-02	6.955e-02	9.171e-02	-1.234e-03	-1.503e-02	-9.875e-02	7.843e-01	-9.818e-02	3.246e-02	3.248e-02	2.736e-03	3.247e-02
42	1.259e-02	3.136e-02	9.081e-02	7.353e-02	8.062e-02	0.000e+00	-2.347e-02	-1.000e-01	7.995e-01	-1.000e-01	3.290e-02	3.291e-02	2.632e-03	3.290e-02
42	1.481e-02	3.613e-02	9.348e-02	6.684e-02	8.962e-02	-1.343e-03	-1.299e-02	-1.000e-01	7.960e-01	-9.816e-02	3.294e-02	3.296e-02	2.605e-03	3.294e-02
42	1.680e-02	2.750e-02	9.354e-02	7.272e-02	8.454e-02	-1.199e-04	-1.988e-02	-9.975e-02	7.964e-01	-9.790e-02	3.326e-02	3.327e-02	2.624e-03	3.326e-02
42	1.945e-02	2.601e-02	9.394e-02	6.261e-02	7.454e-02	-1.981e-03	-2.065e-02	-1.000e-01	7.860e-01	-9.670e-02	3.214e-02	3.238e-02	2.549e-03	3.224e-02
43	1.193e-02	2.521e-02	9.261e-02	7.829e-02	7.946e-02	-6.767e-04	-3.328e-02	-9.927e-02	8.000e-01	-9.793e-02	3.199e-02	3.199e-02	2.711e-03	3.199e-02
43	1.196e-02	3.196e-02	9.507e-02	6.874e-02	8.645e-02	-8.528e-04	-2.227e-02	-9.973e-02	8.000e-01	-9.885e-02	3.200e-02	3.201e-02	2.653e-03	3.200e-02
43	1.731e-02	2.623e-02	9.603e-02	7.278e-02	9.256e-02	0.000e+00	-9.778e-03	-9.929e-02	7.967e-01	-9.828e-02	3.199e-02	3.201e-02	2.579e-03	3.200e-02
43	1.273e-02	4.268e-02	9.399e-02	6.891e-02	8.320e-02	-9.103e-04	-1.649e-02	-9.994e-02	7.950e-01	-9.968e-02	3.345e-02	3.345e-02	2.656e-03	3.345e-02
43	1.350e-02	3.347e-02	9.154e-02	8.010e-02	8.021e-02	-4.651e-04	-2.252e-02	-9.956e-02	7.962e-01	-9.886e-02	3.258e-02	3.261e-02	2.685e-03	3.258e-02
43	8.139e-03	4.436e-02	9.302e-02	7.386e-02	8.631e-02	-2.937e-05	-2.984e-02	-9.902e-02	7.926e-01	-9.698e-02	3.198e-02	3.199e-02	2.786e-03	3.198e-02
43	2.203e-02	2.573e-02	9.940e-02	6.616e-02	8.072e-02	-9.931e-04	-8.486e-03	-9.972e-02	7.894e-01	-9.787e-02	3.286e-02	3.288e-02	2.533e-03	3.286e-02
43	1.659e-02	3.218e-02	9.316e-02	6.972e-02	8.353e-02	-3.409e-04	-2.391e-02	-1.000e-01	7.973e-01	-9.874e-02	3.276e-02	3.289e-02	2.663e-03	3.278e-02
44	1.592e-02	3.121e-02	9.535e-02	7.168e-02	8.314e-02	-1.101e-03	-6.362e-03	-1.000e-01	7.968e-01	-9.923e-02	3.389e-02	3.401e-02	2.541e-03	3.389e-02
44	1.618e-02	4.140e-02	9.743e-02	7.130e-02	7.601e-02	-1.636e-03	-2.311e-02	-9.924e-02	7.923e-01	-9.915e-02	3.266e-02	3.268e-02	2.729e-03	3.267e-02
44	1.995e-02	2.426e-02	9.381e-02	6.935e-02	8.332e-02	-1.611e-03	-2.345e-02	-9.972e-02	7.953e-01	-9.988e-02	3.270e-02	3.271e-02	2.628e-03	3.271e-02
44	1.619e-02	3.896e-02	9.414e-02	6.620e-02	8.039e-02	-1.432e-03	-1.279e-02	-1.000e-01	7.915e-01	-9.894e-02	3.315e-02	3.316e-02	2.593e-03	3.315e-02
44	8.684e-03	5.077e-02	8.833e-02	6.852e-02	8.172e-02	-2.257e-04	-1.279e-02	-9.995e-02	7.953e-01	-1.000e-01	3.338e-02	3.339e-02	2.606e-03	3.338e-02
44	1.272e-02	2.737e-02	9.485e-02	7.177e-02	7.959e-02	-1.909e-04	-1.886e-02	-9.946e-02	7.984e-01	-9.956e-02	3.303e-02	3.306e-02	2.584e-03	3.303e-02
44	9.439e-03	2.207e-02	9.647e-02	7.267e-02	7.785e-02	-4.515e-04	-3.019e-02	-9.856e-02	7.979e-01	-9.762e-02	3.173e-02	3.174e-02	2.641e-03	3.173e-02
44	1.909e-02	5.008e-02	9.617e-02	6.530e-02	8.256e-02	-1.733e-03	-4.955e-03	-9.928e-02	7.842e-01	-9.776e-02	3.265e-02	3.267e-02	2.624e-03	3.265e-02
45	1.420e-02	3.031e-02	9.805e-02	6.941e-02	8.440e-02	0.000e+00	-1.991e-02	-9.993e-02	7.990e-01	-9.850e-02	3.297e-02	3.298e-02	2.647e-03	3.298e-02
45	1.112e-02	4.405e-02	9.091e-02	6.452e-02	8.292e-02	-1.550e-03	-2.868e-03	-9.990e-02	7.955e-01	-9.842e-02	3.395e-02	3.395e-02	2.499e-03	3.329e-02
45	1.347e-02	3.470e-02	9.154e-02	6.797e-02	8.424e-02	-1.238e-03	-1.880e-02	-9.958e-02	7.959e-01	-9.984e-02	3.309e-02	3.310e-02	2.606e-03	3.309e-02
45	1.218e-02	3.541e-02	9.178e-02	7.886e-02	7.726e-02	-1.511e-04	-2.399e-02	-9.962e-02	7.966e-01	-1.000e-01	3.290e-02	3.295e-02	2.685e-03	3.289e-02
45	1.982e-02	2.243e-02	1.008e-01	6.536e-02	8.654e-02	-5.867e-04	0.000e+00	-1.000e-01	7.948e-01	-9.791e-02	3.303e-02	3.307e-02	2.461e-03	2.482e-02
45	1.420e-02	2.599e-02	9.480e-02	7.389e-02	8.130e-02	-7.582e-04	-5.289e-03	-9.966e-02	7.971e-01	-1.000e-01	3.393e-02	3.394e-02	2.490e-03	3.160e-02
45	1.333e-02	4.305e-02	9.589e-02	6.987e-02	8.151e-02	-1.214e-03	-2.862e-02	-9.993e-02	7.971e-01	-1.000e-01	3.254e-02	3.261e-02	2.776e-03	3.251e-02
45	1.126e-02	3.588e-02	9.180e-02	7.685e-02	8.058e-02	-1.785e-03	-2.401e-02	-9.900e-02	7.957e-01	-9.904e-02	3.248e-02	3.249e-02	2.690e-03	3.248e-02
46	1.186e-02	4.234e-02	8.981e-02	7.278e-02	8.478e-02	-7.979e-04	-1.595e-02	-9.923e-02	7.945e-01	-9.942e-02	3.279e-02	3.281e-02	2.637e-03	3.280e-02
46	1.348e-02	4.066e-02	9.308e-02	7.285e-02	8.358e-02	-5.065e-04	-2.112e-02	-1.000e-01	7.988e-01	-9.940e-02	3.307e-02	3.311e-02	2.702e-03	3.306e-02
46	9.889e-03	3.165e-02	9.548e-02	6.740e-02	8.332e-02	-5.282e-04	0.000e+00	-9.997e-02	8.000e-01	-1.000e-01	3.443e-02	3.446e-02	2.442e-03	2.252e-02
46	1.507e-02	3.512e-02	1.007e-01	7.716e-02	8.222e-02	-8.559e-05	-1.422e-02	-9.988e-02	8.000e-01	-9.989e-02	3.314e-02	3.315e-02	2.693e-03	3.314e-02
46	1.077e-02	2.890e-02	9.230e-02	7.053e-02	8.240e-02	-4.606e-04	-1.876e-02	-9.989e-02	8.000e-01	-9.984e-02	3.368e-02	3.370e-02	2.574e-03	3.368e-02
46	1.151e-02	4.400e-02	9.092e-02	7.176e-02	8.765e-02	-1.909e-03	-3.043e-02	-9.905e-02	7.940e-01	-9.817e-02	3.166e-02	3.168e-02	2.784e-03	3.166e-02
46	1.085e-02	5.366e-02	9.112e-02	7.233e-02	8.092e-02	-1.562e-03	-1.806e-02	-1.000e-01	7.970e-01	-1.000e-01	3.286e-02	3.293e-02	2.725e-03	3.286e-02
46	1.598e-02	2.485e-02	9.191e-02	7.435e-02	8.313e-02	-1.144e-04	-1.491e-02	-9.959e-02	7.979e-01	-9.843e-02	3.286e-02	3.289e-02	2.555e-03	3.286e-02
47	1.374e-02	2.214e-02	9.620e-02	8.080e-02	7.967e-02	-1.778e-04	-2.787e-02	-9.903e-02	7.974e-01	-9.877e-02	3.293e-02	3.294e-02	2.692e-03	3.293e-02
47	8.977e-03	3.336e-02	9.439e-02	7.017e-02	8.448e-02	-2.726e-04	-2.829e-02	-9.956e-02	8.000e-01	-9.871e-02	3.206e-02	3.207e-02	2.693e-03	3.206e-02
47	8.686e-03	3.633e-02	9.260e-02	6.665e-02	8.420e-02	-1.103e-03	-8.508e-03	-9.973e-02	7.993e-01	-9.877e-02	3.408e-02	3.409e-02	2.516e-03	3.408e-02
47	1.376e-02	3.301e-02	8.942e-02	7.279e-02	7.905e-02	-1.079e-03	-1.442e-02	-1.000e-01	7.969e-01	-1.000e-01	3.389e-02	3.392e-02	2.556e-03	3.389e-02
47	1.130e-02	5.091e-02	9.523e-02	6.560e-02	8.336e-02	-1.292e-03	-1.438e-02	-9.943e-02	7.933e-01	-9.834e-02	3.310e-02	3.311e-02	2.673e-03	3.310e-02
47	1.590e-02	3.703e-02	9.680e-02	7.404e-02	8.191e-02	-9.526e-04	-1.909e-02	-1.000e-01	7.978e-01	-1.000e-01	3.314e-02	3.315e-02	2.703e-03	3.315e-02
47	1.602e-02	3.573e-02	9.650e-02	6.770e-02	8.609e-02	-3.985e-04	-9.544e-03	-9.999e-02	8.000e-01	-9.957e-02	3.313e-02	3.314e-02	2.588e-03	3.313e-02
47	1.399e-02	3.802e-02	9.763e-02	6.830e-02	8.222e-02	-1.179e-03	-9.388e-03	-9.997e-02	7.999e-01	-1.000e-01	3.326e-02	3.328e-02	2.596e-03	3.326e-02
48	1.211e-02	4.379e-02	8.971e-02	6.649e-02	8.487e-02	-1.573e-03	-3.513e-03	-1.000e-01	7.963e-01	-9.970e-02	3.495e-02	3.497e-02	2.516e-03	3.495e-02
48	9.323e-03	4.173e-02	8.366e-02	6.476e-02	8.615e-02	-9.843e-04	-9.821e-03	-1.000e-01	8.000e-01	-9.968e-02	3.386e-02	3.388e-02	2.491e-03	3.165e-02
48	1.162e-02	2.812e-02	8.940e-02	7.650e-02	8.175e-02	-6.043e-04	-1.606e-02	-9.976e-02	7.994e-01	-9.877e-02	3.259e-02	3.371e-02	2.561e-03	3.262e-02
48	1.062e-02	3.559e-02	9.127e-02	7.146e-02	7.902e-02	-1.561e-03	-7.277e-03	-9.980e-02	7.966e-01	-9.960e-02	3.378e-02	3.380e-02	2.509e-03	3.378e-02
48	1.083e-02	3.302e-02	8.878e-02	7.035e-02	7.822e-02	-5.365e-04	-1.145e-02	-9.983e-02	7.955e-01	-9.865e-02	3.341e-02	3.348e-02	2.495e-03	3.210e-02
48	1.336e-02	4.644e-02	8.989e-02	6.704e-02	8.181e-02	-1.152e-03	-3.525e-04	-1.000e-01	7.934e-01	-1.000e-01	3.436e-02	3.437e-02	2.501e-03	3.425e-02
48	1.431e-02	3.325e-02	9.100e-02	7.085e-02	8.172e-02	-8.024e-04	-8.293e-03	-9.977e-02	7.971e-01	-9.909e-02	3.340e-02	3.345e-02	2.516e-03	3.340e-02
48	1.020e-02	2.315e-02	8.964e-02	7.297e-02	8.271e-02	-6.909e-04	-2.464e-02	-9.996e-02	8.000e-01	-9.930e-02	3.295e-02	3.304e-02	2.582e-03	3.295e-02
49	1.157e-02	4.499e-02	9.258e-02	6.898e-02	8.412e-02	-1.172e-03	-1.041e-02	-9.973e-02	7.987e-01	-1.000e-01	3.332e-02	3.332e-02	2.609e-03	3.331e-02
49	1.017e-02	5.650e-02	8.838e-02	6.604e-02	8.160e-02	-1.483e-03	-3.113e-05	-1.000e-01	7.957e-01	-1.000e-01	3.406e-02	3.407e-02	2.534e-03	3.406e-02
49	9.793e-03	5.026e-02	8.832e-02	6.534e-02	8.364e-02	-1.733e-03	-5.173e-03	-1.000e-01	7.983e-01	-1.000e-01	3.397e-02	3.407e-02	2.542e-03	3.398e-02
49	1.131e-02	4.533e-02	9.305e-02	6.218e-02	8.216e-02	-2.246e-03	0.000e+00	-9.984e-02	7.917e-01	-9.992e-02	3.362e-02	3.364e-02	2.486e-03	3.044e-02
49	1.128e-02	3.132e-02	9.194e-02	6.358e-02	8.729e-02	-1.027e-03	-8.962e-03	-9.992e-02	7.988e-01	-9.892e-02	3.416e-02	3.419e-02	2.486e-03	3.096e-02
49	1.382e-02	4.021e-02	8.695e-02	7.215e-02	8.223e-02	-1.696e-03	-6.713e-03	-9.992e-02	7.953e-01	-9.995e-02	3.314e-02	3.315e-02	2.530e-03	3.315e-02
49	1.377e-02	4.127e-02	9.048e-02	6.513e-02	8.393e-02	-1.130e-03	0.000e+00	-9.995e-02	7.933e-01	-1.000e-01	3.423e-02	3.424e-02	2.468e-03	2.744e-02
49	1.130e-02	4.047e-02	8.912e-02	7.021e-02	7.872e-02	-2.022e-03	-1.067e-03	-9.989e-02	7.936e-01	-9.935e-02	3.421e-02	3.423e-02	2.469e-03	2.762e-02
