CompteurTemps	Temps	Cx0	Cy0	
1	0	-83.4868	-0.464197	
2	0.05	-0.195278	0.00616895	
3	0.1	-0.154787	0.00881893	
4	0.15	-0.135199	0.0089846	
5	0.2	-0.130612	0.00749834	
6	0.25	-0.120538	0.00609817	
7	0.3	-0.115554	0.00680769	
8	0.35	-0.110817	0.0063436	
9	0.4	-0.107013	0.00577569	
10	0.45	-0.103391	0.00536536	
11	0.5	-0.101957	0.00534625	
12	0.55	-0.0985566	0.00390064	
13	0.6	-0.0966619	0.00298136	
14	0.65	-0.0950079	0.00197818	
15	0.7	-0.0937698	0.000928433	
16	0.75	-0.0927381	3.03638e-06	
17	0.8	-0.0912878	-0.00158589	
18	0.85	-0.0902286	-0.00297501	
19	0.9	-0.0892645	-0.00446551	
20	0.95	-0.0884502	-0.0061707	
21	1	-0.0885295	-0.00794497	
22	1.05	-0.0868765	-0.00966161	
23	1.1	-0.0861751	-0.0115304	
24	1.15	-0.0855223	-0.0134921	
25	1.2	-0.0849107	-0.0156223	
26	1.25	-0.0844717	-0.0178987	
27	1.3	-0.0837909	-0.0200253	
28	1.35	-0.0832742	-0.0223508	
29	1.4	-0.0827856	-0.0247651	
30	1.45	-0.0823311	-0.0272854	
31	1.5	-0.082242	-0.0299432	
32	1.55	-0.0814863	-0.0325026	
33	1.6	-0.0810863	-0.0351936	
34	1.65	-0.080712	-0.0379278	
35	1.7	-0.0803695	-0.0406891	
36	1.75	-0.0797942	-0.0432811	
37	1.8	-0.079709	-0.0462449	
38	1.85	-0.0794144	-0.0490204	
39	1.9	-0.0791388	-0.0517672	
40	1.95	-0.0788945	-0.0544749	
41	2	-0.0784411	-0.0570082	
42	2.05	-0.0784122	-0.0596959	
43	2.1	-0.0782026	-0.0622115	
44	2.15	-0.0780089	-0.0646239	
45	2.2	-0.0778384	-0.0669228	
46	2.25	-0.0784242	-0.0693287	
47	2.3	-0.0775141	-0.0711386	
48	2.35	-0.0773742	-0.0730513	
49	2.4	-0.0772451	-0.0748111	
50	2.45	-0.0771357	-0.0764085	
51	2.5	-0.0774081	-0.0778302	
52	2.55	-0.0769243	-0.0791118	
53	2.6	-0.0768365	-0.080219	
54	2.65	-0.0767544	-0.0811595	
55	2.7	-0.0766871	-0.0819348	
56	2.75	-0.0765398	-0.0824768	
57	2.8	-0.0765437	-0.0829993	
58	2.85	-0.0764901	-0.0833355	
59	2.9	-0.0764356	-0.0835431	
60	2.95	-0.0763914	-0.083634	
61	3	-0.075996	-0.0837757	
62	3.05	-0.0762805	-0.0835514	
63	3.1	-0.0762375	-0.083385	
64	3.15	-0.0761922	-0.0831604	
65	3.2	-0.0761551	-0.0828867	
66	3.25	-0.0766635	-0.0827391	
67	3.3	-0.0760639	-0.0822669	
68	3.35	-0.0760179	-0.0819215	
69	3.4	-0.0759745	-0.0815706	
70	3.45	-0.0759362	-0.0812177	
71	3.5	-0.0760594	-0.080993	
72	3.55	-0.0758518	-0.0805434	
73	3.6	-0.0758053	-0.0802042	
74	3.65	-0.0757608	-0.079873	
75	3.7	-0.0757229	-0.0795465	
76	3.75	-0.075773	-0.0790502	
77	3.8	-0.075644	-0.0788874	
78	3.85	-0.0755987	-0.0785766	
79	3.9	-0.0755573	-0.078261	
80	3.95	-0.0755234	-0.0779371	
81	4	-0.0758327	-0.077853	
82	4.05	-0.0754466	-0.0772946	
83	4.1	-0.075411	-0.0769291	
84	4.15	-0.0753769	-0.0765482	
85	4.2	-0.0753496	-0.0761477	
86	4.25	-0.075273	-0.0758349	
87	4.3	-0.0752838	-0.0752912	
88	4.35	-0.0752521	-0.0748307	
89	4.4	-0.0752243	-0.0743476	
90	4.45	-0.0752026	-0.0738401	
91	4.5	-0.0758876	-0.0734791	
92	4.55	-0.075144	-0.0728033	
93	4.6	-0.0751242	-0.0722375	
94	4.65	-0.075101	-0.0716478	
95	4.7	-0.0750842	-0.0710342	
96	4.75	-0.0753816	-0.070375	
97	4.8	-0.0750419	-0.0697386	
98	4.85	-0.0750206	-0.0690707	
99	4.9	-0.0749993	-0.0683833	
100	4.95	-0.0749852	-0.0676774	
101	5	-0.0757097	-0.0669797	
102	5.05	-0.0749429	-0.0662487	
103	5.1	-0.0749232	-0.0655034	
104	5.15	-0.0749039	-0.0647437	
105	5.2	-0.0748903	-0.0639724	
106	5.25	-0.0753636	-0.0630768	
107	5.3	-0.0748329	-0.0624174	
108	5.35	-0.0748198	-0.0616278	
109	5.4	-0.0748018	-0.0608312	
110	5.45	-0.0747895	-0.0600303	
111	5.5	-0.0746787	-0.0592994	
112	5.55	-0.0747491	-0.0584322	
113	5.6	-0.074729	-0.0576296	
114	5.65	-0.074708	-0.056827	
115	5.7	-0.0746921	-0.0560238	
116	5.75	-0.0748872	-0.0554123	
117	5.8	-0.0746509	-0.0544216	
118	5.85	-0.0746249	-0.053621	
119	5.9	-0.0746005	-0.052824	
120	5.95	-0.0745822	-0.0520287	
121	6	-0.0743624	-0.0513219	
122	6.05	-0.0745342	-0.0504593	
123	6.1	-0.0745139	-0.0496761	
124	6.15	-0.07449	-0.0488955	
125	6.2	-0.0744709	-0.0481167	
126	6.25	-0.0748809	-0.0472676	
127	6.3	-0.0744155	-0.0465807	
128	6.35	-0.0743931	-0.0458118	
129	6.4	-0.0743696	-0.045044	
130	6.45	-0.0743509	-0.044277	
131	6.5	-0.0737388	-0.0434346	
132	6.55	-0.0743049	-0.0427283	
133	6.6	-0.0742793	-0.0419716	
134	6.65	-0.0742548	-0.0412166	
135	6.7	-0.074235	-0.0404636	
136	6.75	-0.073922	-0.0397076	
137	6.8	-0.0741818	-0.0389837	
138	6.85	-0.0741562	-0.0382389	
139	6.9	-0.0741302	-0.0375011	
