Index	edge	1	2	3	4	5	6	7	8	9	finesse_moy	finesse_max	Area	Reward
0	1.976e-02	1.296e-02	7.089e-02	4.879e-02	9.726e-02	-4.462e-02	-5.384e-02	-1.104e-02	7.036e-01	-4.577e-02	1.673e-02	1.675e-02	1.227e-03	-2.884e-02
0	1.378e-02	1.901e-02	9.143e-02	9.182e-02	6.914e-02	-6.570e-02	-3.373e-02	-5.965e-03	5.327e-01	-2.370e-02	2.416e-02	2.418e-02	1.375e-03	8.196e-03
0	2.121e-02	2.118e-02	9.776e-02	8.885e-02	8.008e-02	-4.319e-02	-8.072e-02	-5.613e-02	5.279e-01	-4.135e-02	1.786e-02	1.786e-02	1.824e-03	8.763e-03
0	1.932e-02	5.001e-03	8.624e-02	8.706e-02	6.318e-02	-3.605e-02	-6.559e-02	-2.450e-02	7.475e-01	-1.603e-02	2.237e-02	2.238e-02	1.430e-03	1.731e-02
0	1.705e-02	3.415e-02	8.694e-02	8.784e-02	8.931e-02	-6.729e-02	-3.910e-02	-1.963e-02	7.613e-01	-2.085e-02	2.097e-02	2.101e-02	1.540e-03	2.097e-02
0	2.149e-02	2.471e-02	7.544e-02	8.794e-02	7.400e-02	-6.139e-02	-7.963e-02	-6.446e-02	7.418e-01	6.995e-03	1.822e-02	1.838e-02	1.825e-03	9.067e-03
0	3.136e-02	2.513e-02	3.889e-02	4.229e-02	1.273e-01	-7.488e-02	-7.286e-02	-3.301e-02	7.463e-01	-1.918e-02	4.106e-03	4.672e-03	1.491e-03	4.105e-03
0	2.033e-02	1.850e-02	8.471e-02	8.945e-02	6.972e-02	-3.607e-02	-4.630e-02	-9.233e-03	7.623e-01	3.000e-01	4.075e-02	4.358e-02	1.440e-03	3.763e-02
1	5.271e-03	2.583e-02	9.201e-02	8.775e-02	8.219e-02	-4.805e-02	-4.959e-02	-3.092e-03	7.684e-01	5.588e-02	2.947e-02	2.948e-02	1.432e-03	2.478e-02
1	4.172e-02	2.674e-02	8.686e-02	9.566e-02	6.763e-02	-4.535e-02	-4.620e-03	-2.297e-02	7.536e-01	9.503e-02	3.230e-02	3.231e-02	1.365e-03	1.428e-02
1	2.095e-02	1.464e-02	9.487e-02	9.143e-02	1.233e-01	-7.020e-02	-3.873e-02	-5.757e-02	7.456e-01	1.114e-02	1.382e-02	1.384e-02	1.793e-03	1.086e-02
1	2.440e-02	1.167e-02	9.692e-02	7.217e-02	5.396e-02	-5.963e-02	-6.778e-02	-1.272e-02	7.802e-01	9.843e-02	2.751e-02	2.752e-02	1.510e-03	2.751e-02
1	1.617e-02	3.619e-02	8.868e-02	9.085e-02	7.200e-02	-6.389e-02	-7.065e-02	-2.188e-02	4.624e-01	7.034e-02	2.453e-02	2.454e-02	1.700e-03	2.453e-02
1	1.364e-02	1.874e-02	9.880e-02	7.355e-02	4.461e-02	-6.328e-02	-3.554e-02	-1.706e-02	5.663e-01	1.421e-01	3.007e-02	3.047e-02	1.386e-03	1.619e-02
1	1.929e-02	0.000e+00	6.246e-02	8.161e-02	6.778e-02	-6.492e-02	-4.557e-02	-4.302e-02	6.257e-01	1.903e-01	3.168e-02	3.233e-02	1.436e-03	2.785e-02
1	5.502e-03	1.782e-02	6.320e-02	8.803e-02	5.963e-02	-6.319e-02	-6.956e-02	-1.020e-03	7.426e-01	3.000e-01	4.036e-02	4.282e-02	1.444e-03	3.810e-02
2	5.000e-03	5.648e-03	7.644e-02	7.402e-02	6.842e-02	-5.956e-02	-7.015e-02	-5.009e-03	7.707e-01	-4.172e-02	2.113e-02	2.119e-02	1.320e-03	-5.948e-03
2	5.000e-03	2.599e-02	6.355e-02	6.034e-02	3.703e-02	-6.632e-02	-3.605e-02	-1.726e-02	7.537e-01	1.584e-01	3.621e-02	3.622e-02	1.204e-03	-1.411e-02
2	5.000e-03	1.773e-02	4.501e-02	6.101e-02	1.172e-01	-7.265e-02	-6.690e-02	0.000e+00	7.873e-01	2.146e-02	1.386e-02	1.387e-02	1.307e-03	-1.584e-02
2	9.478e-03	3.364e-03	8.709e-02	9.222e-02	7.289e-02	-6.226e-02	-5.205e-02	-1.556e-02	7.661e-01	1.259e-01	2.815e-02	2.816e-02	1.472e-03	2.815e-02
2	2.347e-02	0.000e+00	5.795e-02	8.808e-02	1.224e-01	-6.931e-02	-8.355e-02	-9.617e-04	6.872e-01	6.545e-02	1.594e-02	1.661e-02	1.532e-03	1.594e-02
2	1.026e-02	2.325e-02	6.395e-02	8.485e-02	1.006e-01	-5.454e-02	-5.594e-02	0.000e+00	7.583e-01	3.000e-01	4.435e-02	4.659e-02	1.459e-03	4.434e-02
2	5.000e-03	1.925e-02	9.062e-02	2.002e-02	6.758e-02	-3.824e-02	-7.134e-02	-1.309e-02	5.346e-01	3.000e-01	3.986e-02	4.276e-02	1.304e-03	9.590e-03
2	7.844e-03	1.652e-02	7.547e-02	2.448e-02	3.567e-02	-7.268e-02	-5.286e-02	0.000e+00	5.542e-01	3.000e-01	3.898e-02	4.167e-02	1.141e-03	-2.385e-02
3	5.000e-03	1.618e-02	5.432e-02	4.941e-02	9.082e-02	-5.706e-02	-5.523e-02	-5.472e-03	7.499e-01	-1.174e-02	2.132e-02	2.133e-02	1.154e-03	-3.899e-02
3	5.000e-03	4.296e-03	6.548e-02	2.264e-02	1.068e-01	-5.848e-02	-7.983e-02	-7.354e-03	7.796e-01	2.010e-01	3.693e-02	3.699e-02	1.308e-03	7.510e-03
3	2.934e-02	6.215e-03	8.947e-02	6.727e-02	1.358e-01	-4.855e-02	-6.204e-02	-7.239e-03	8.000e-01	1.824e-01	3.287e-02	3.428e-02	1.569e-03	3.286e-02
3	5.000e-03	9.915e-03	7.265e-02	9.104e-02	7.728e-02	-5.970e-02	-6.384e-02	-1.342e-02	7.245e-01	2.079e-01	3.410e-02	3.535e-02	1.492e-03	3.410e-02
3	1.333e-02	0.000e+00	7.565e-02	7.918e-02	1.424e-01	-6.642e-02	-4.896e-02	-2.122e-02	7.782e-01	1.468e-01	2.483e-02	2.682e-02	1.554e-03	2.483e-02
3	5.000e-03	2.155e-02	9.166e-02	4.249e-02	4.401e-02	-3.970e-02	-7.546e-02	0.000e+00	6.555e-01	2.303e-01	3.596e-02	3.780e-02	1.304e-03	5.735e-03
3	5.000e-03	0.000e+00	6.465e-02	8.999e-02	1.147e-01	-7.425e-02	-6.600e-02	-4.154e-03	7.422e-01	2.628e-01	3.708e-02	3.908e-02	1.530e-03	3.708e-02
3	5.000e-03	4.273e-02	6.770e-02	8.876e-02	3.325e-02	-5.914e-02	-4.968e-02	-5.933e-03	6.732e-01	2.818e-01	4.004e-02	4.248e-02	1.398e-03	2.858e-02
4	2.134e-02	2.642e-03	7.842e-02	1.714e-02	8.790e-02	-5.530e-02	-7.191e-02	-1.823e-02	7.447e-01	1.159e-01	3.218e-02	3.222e-02	1.302e-03	1.574e-03
4	2.075e-02	0.000e+00	7.415e-02	6.628e-02	1.292e-01	-6.368e-02	-5.338e-02	-9.273e-05	7.932e-01	2.158e-01	3.615e-02	3.767e-02	1.428e-03	3.077e-02
4	5.000e-03	8.872e-03	7.357e-02	9.771e-02	7.922e-02	-6.588e-02	-3.948e-02	-1.398e-02	7.281e-01	2.517e-01	3.779e-02	3.994e-02	1.437e-03	3.417e-02
4	5.000e-03	1.508e-02	6.577e-02	9.675e-02	9.267e-02	-6.004e-02	-3.005e-02	-7.682e-03	7.299e-01	3.000e-01	4.221e-02	4.477e-02	1.374e-03	2.591e-02
4	5.000e-03	1.685e-02	6.238e-02	8.233e-02	1.322e-01	-8.000e-02	-7.598e-02	0.000e+00	7.609e-01	2.492e-01	3.538e-02	3.731e-02	1.634e-03	3.538e-02
4	1.755e-02	0.000e+00	9.844e-02	9.948e-02	1.147e-01	-6.549e-02	-3.008e-02	-3.568e-02	7.745e-01	2.642e-01	3.438e-02	3.683e-02	1.689e-03	3.437e-02
4	5.000e-03	1.572e-02	8.717e-02	9.292e-02	7.253e-02	-5.876e-02	-6.156e-02	-5.492e-03	7.451e-01	3.000e-01	3.854e-02	4.155e-02	1.556e-03	3.855e-02
4	1.321e-02	5.658e-03	8.876e-02	9.757e-02	6.720e-02	-5.883e-02	-4.030e-02	-1.697e-02	7.764e-01	3.000e-01	3.771e-02	4.080e-02	1.501e-03	3.774e-02
5	5.000e-03	0.000e+00	8.164e-02	8.858e-02	6.999e-02	-5.295e-02	-6.716e-02	-3.481e-03	7.772e-01	1.515e-01	3.186e-02	3.218e-02	1.403e-03	2.158e-02
5	9.971e-03	5.895e-03	9.402e-02	9.269e-02	6.095e-02	-7.245e-02	-7.017e-02	-7.231e-03	7.813e-01	1.402e-01	2.642e-02	2.647e-02	1.575e-03	2.642e-02
5	1.708e-02	1.763e-03	7.891e-02	9.532e-02	1.312e-01	-7.131e-02	-5.854e-02	-1.682e-02	7.609e-01	1.727e-01	2.863e-02	3.023e-02	1.663e-03	2.861e-02
5	1.081e-02	8.302e-03	6.894e-02	1.000e-01	1.145e-01	-6.511e-02	-2.234e-02	-2.990e-03	7.894e-01	3.000e-01	4.196e-02	4.471e-02	1.401e-03	3.088e-02
5	6.740e-03	1.293e-02	8.000e-02	9.397e-02	9.952e-02	-6.479e-02	-5.796e-02	-5.606e-03	6.533e-01	2.721e-01	3.914e-02	4.178e-02	1.560e-03	3.909e-02
5	1.814e-02	0.000e+00	8.181e-02	9.518e-02	1.500e-01	-4.122e-02	-6.608e-02	-3.835e-03	7.924e-01	2.487e-01	3.800e-02	4.073e-02	1.623e-03	3.802e-02
5	1.010e-02	3.861e-03	8.699e-02	9.271e-02	1.174e-01	-6.016e-02	-5.057e-02	-7.544e-03	7.763e-01	2.838e-01	4.008e-02	4.256e-02	1.575e-03	4.006e-02
5	5.000e-03	2.042e-02	7.840e-02	9.548e-02	1.072e-01	-6.474e-02	-2.960e-02	-2.097e-02	7.661e-01	3.000e-01	3.966e-02	4.216e-02	1.558e-03	3.966e-02
6	1.630e-02	1.802e-02	9.223e-02	9.489e-02	1.002e-01	-6.140e-02	-4.667e-02	-5.994e-03	7.881e-01	2.509e-01	3.792e-02	4.003e-02	1.604e-03	3.790e-02
6	5.806e-03	1.436e-02	8.849e-02	8.965e-02	1.500e-01	-6.434e-02	-4.780e-02	-9.676e-03	7.529e-01	2.737e-01	3.871e-02	4.143e-02	1.675e-03	3.869e-02
6	1.139e-02	2.879e-03	9.072e-02	9.296e-02	1.091e-01	-6.966e-02	-6.224e-02	-2.356e-02	7.478e-01	2.507e-01	3.520e-02	3.771e-02	1.720e-03	3.513e-02
6	9.666e-03	2.358e-03	9.032e-02	9.823e-02	9.842e-02	-6.072e-02	-5.603e-02	-9.112e-03	7.561e-01	3.000e-01	3.941e-02	4.247e-02	1.603e-03	3.941e-02
6	5.000e-03	1.913e-02	8.854e-02	9.227e-02	1.034e-01	-7.349e-02	-6.834e-02	-7.224e-03	7.574e-01	2.520e-01	3.714e-02	3.921e-02	1.710e-03	3.712e-02
6	5.000e-03	2.794e-02	8.430e-02	7.527e-02	9.046e-02	-7.403e-02	-5.086e-02	0.000e+00	7.732e-01	2.862e-01	3.832e-02	4.056e-02	1.533e-03	3.829e-02
6	1.412e-02	0.000e+00	6.024e-02	9.332e-02	1.474e-01	-5.946e-02	-5.611e-02	-7.539e-03	7.461e-01	3.000e-01	4.070e-02	4.387e-02	1.544e-03	4.071e-02
6	1.912e-02	2.437e-03	9.822e-02	9.685e-02	1.500e-01	-6.584e-02	-5.967e-02	-4.541e-03	7.746e-01	3.000e-01	3.816e-02	4.131e-02	1.778e-03	3.818e-02
7	5.735e-03	2.896e-03	9.006e-02	1.000e-01	9.548e-02	-6.772e-02	-6.006e-02	-1.595e-02	7.520e-01	2.092e-01	3.278e-02	3.465e-02	1.637e-03	3.282e-02
7	1.463e-02	0.000e+00	7.302e-02	9.827e-02	1.500e-01	-5.409e-02	-5.159e-02	-1.188e-02	7.733e-01	2.601e-01	3.703e-02	3.995e-02	1.599e-03	3.705e-02
7	7.666e-03	1.171e-02	8.266e-02	8.828e-02	1.235e-01	-7.070e-02	-7.002e-02	-1.798e-03	7.620e-01	2.439e-01	3.612e-02	3.801e-02	1.661e-03	3.610e-02
7	1.727e-02	0.000e+00	7.211e-02	8.991e-02	1.500e-01	-5.996e-02	-6.839e-02	-8.070e-03	7.578e-01	2.257e-01	3.269e-02	3.549e-02	1.639e-03	3.272e-02
7	5.000e-03	1.589e-02	4.557e-02	9.441e-02	1.056e-01	-7.713e-02	-3.509e-02	-2.199e-03	6.430e-01	3.000e-01	4.100e-02	4.371e-02	1.350e-03	1.993e-02
7	7.096e-03	8.725e-03	4.317e-02	7.845e-02	1.256e-01	-5.365e-02	-6.453e-02	0.000e+00	6.802e-01	2.701e-01	4.188e-02	4.428e-02	1.355e-03	2.196e-02
7	1.015e-02	1.023e-03	9.197e-02	1.000e-01	1.051e-01	-4.686e-02	-5.270e-02	-1.395e-02	7.605e-01	2.556e-01	3.811e-02	4.053e-02	1.575e-03	3.811e-02
7	1.769e-02	6.514e-03	7.078e-02	9.650e-02	1.500e-01	-5.907e-02	-3.760e-02	-6.655e-03	7.447e-01	3.000e-01	3.965e-02	4.286e-02	1.547e-03	3.969e-02
8	1.386e-02	0.000e+00	8.801e-02	1.000e-01	1.306e-01	-6.425e-02	-5.363e-02	-9.406e-03	7.984e-01	2.391e-01	3.601e-02	3.815e-02	1.653e-03	3.601e-02
8	1.549e-02	0.000e+00	9.595e-02	1.000e-01	1.339e-01	-6.297e-02	-5.341e-02	-1.484e-02	7.633e-01	2.301e-01	3.500e-02	3.723e-02	1.712e-03	3.501e-02
8	1.704e-02	2.021e-03	9.214e-02	1.000e-01	1.500e-01	-5.884e-02	-4.470e-02	-8.063e-03	8.000e-01	2.483e-01	3.696e-02	3.961e-02	1.663e-03	3.694e-02
8	5.000e-03	3.961e-03	7.686e-02	9.831e-02	1.310e-01	-7.612e-02	-6.514e-02	-1.831e-02	4.240e-01	2.251e-01	3.103e-02	3.430e-02	1.689e-03	3.100e-02
8	1.613e-02	1.294e-02	7.974e-02	9.322e-02	1.500e-01	-6.111e-02	-6.861e-02	-3.799e-03	7.691e-01	3.000e-01	3.924e-02	4.222e-02	1.739e-03	3.923e-02
8	1.056e-02	1.474e-03	8.435e-02	9.939e-02	1.500e-01	-6.397e-02	-3.938e-02	-1.145e-02	7.194e-01	2.854e-01	3.908e-02	4.243e-02	1.622e-03	3.910e-02
8	1.147e-02	1.168e-02	9.012e-02	1.000e-01	1.360e-01	-6.514e-02	-4.627e-02	-1.645e-02	7.430e-01	2.734e-01	3.798e-02	4.065e-02	1.718e-03	3.798e-02
8	1.600e-02	3.018e-03	7.143e-02	9.395e-02	1.477e-01	-5.860e-02	-5.621e-02	-1.262e-02	7.553e-01	2.675e-01	3.799e-02	4.083e-02	1.625e-03	3.796e-02
9	9.674e-03	1.240e-02	8.824e-02	9.399e-02	1.240e-01	-6.992e-02	-5.047e-02	-1.342e-02	7.572e-01	2.331e-01	3.527e-02	3.718e-02	1.670e-03	3.526e-02
9	1.727e-02	0.000e+00	7.150e-02	9.962e-02	1.317e-01	-5.974e-02	-3.838e-02	-1.164e-02	7.694e-01	2.320e-01	3.688e-02	3.920e-02	1.505e-03	3.689e-02
9	7.484e-03	9.778e-03	8.070e-02	9.722e-02	1.500e-01	-6.325e-02	-6.156e-02	-1.127e-02	7.157e-01	2.321e-01	3.354e-02	3.621e-02	1.707e-03	3.351e-02
9	1.626e-02	1.139e-02	8.991e-02	9.963e-02	1.500e-01	-6.648e-02	-5.293e-02	-3.997e-03	7.644e-01	2.583e-01	3.696e-02	3.971e-02	1.729e-03	3.695e-02
9	5.000e-03	1.793e-02	6.916e-02	9.853e-02	8.873e-02	-6.345e-02	-6.285e-02	-7.315e-03	7.360e-01	2.648e-01	3.869e-02	4.087e-02	1.554e-03	3.869e-02
9	1.709e-02	3.799e-03	7.262e-02	9.494e-02	1.500e-01	-5.127e-02	-4.475e-02	-1.215e-02	7.441e-01	2.731e-01	3.914e-02	4.216e-02	1.564e-03	3.916e-02
9	1.135e-02	0.000e+00	9.467e-02	9.891e-02	1.500e-01	-6.480e-02	-5.697e-02	-1.374e-02	7.774e-01	2.165e-01	3.232e-02	3.481e-02	1.742e-03	3.237e-02
9	1.658e-02	0.000e+00	7.743e-02	9.637e-02	1.500e-01	-6.112e-02	-3.454e-02	0.000e+00	7.955e-01	3.000e-01	4.065e-02	4.374e-02	1.517e-03	4.062e-02
10	1.456e-02	7.505e-03	6.750e-02	9.301e-02	1.391e-01	-5.379e-02	-4.904e-02	-1.013e-02	7.690e-01	2.746e-01	4.055e-02	4.312e-02	1.541e-03	4.056e-02
10	1.393e-02	5.762e-03	7.956e-02	9.963e-02	1.500e-01	-6.062e-02	-3.269e-02	-4.208e-03	7.568e-01	2.938e-01	4.046e-02	4.359e-02	1.556e-03	4.046e-02
10	1.259e-02	4.001e-03	8.480e-02	9.609e-02	1.200e-01	-5.108e-02	-9.908e-03	-1.379e-02	7.679e-01	2.800e-01	4.234e-02	4.492e-02	1.394e-03	3.014e-02
10	1.411e-02	0.000e+00	7.509e-02	9.542e-02	1.299e-01	-5.841e-02	-5.239e-02	-2.051e-03	7.696e-01	2.589e-01	3.945e-02	4.181e-02	1.523e-03	3.947e-02
10	2.267e-02	7.655e-03	6.136e-02	9.816e-02	1.500e-01	-6.254e-02	-2.675e-02	-4.789e-03	7.535e-01	3.000e-01	3.867e-02	4.205e-02	1.477e-03	3.870e-02
10	1.497e-02	0.000e+00	7.899e-02	1.000e-01	1.457e-01	-6.259e-02	-4.675e-02	-7.227e-03	7.541e-01	2.607e-01	3.828e-02	4.114e-02	1.603e-03	3.826e-02
10	2.026e-02	0.000e+00	8.874e-02	1.000e-01	1.500e-01	-5.790e-02	-1.650e-02	-1.328e-02	7.751e-01	3.000e-01	3.970e-02	4.289e-02	1.549e-03	3.970e-02
10	1.089e-02	2.042e-02	5.512e-02	9.507e-02	1.118e-01	-6.156e-02	-6.456e-02	-8.391e-03	4.884e-01	2.869e-01	3.934e-02	4.274e-02	1.534e-03	3.931e-02
11	2.073e-02	7.139e-03	9.388e-02	9.438e-02	1.308e-01	-6.035e-02	-5.981e-02	-1.439e-02	7.789e-01	2.716e-01	3.671e-02	3.914e-02	1.752e-03	3.668e-02
11	1.478e-02	5.080e-03	7.380e-02	9.712e-02	1.500e-01	-6.024e-02	-4.103e-02	-1.440e-02	7.683e-01	2.647e-01	3.732e-02	4.019e-02	1.597e-03	3.733e-02
11	8.577e-03	1.540e-02	6.796e-02	9.300e-02	8.064e-02	-5.241e-02	-3.764e-02	-3.201e-03	7.613e-01	2.681e-01	4.196e-02	4.400e-02	1.338e-03	1.847e-02
11	1.974e-02	0.000e+00	9.172e-02	9.857e-02	1.436e-01	-5.618e-02	-2.903e-02	-1.345e-02	7.939e-01	2.574e-01	3.803e-02	4.064e-02	1.588e-03	3.807e-02
11	1.280e-02	3.042e-03	8.660e-02	9.750e-02	1.458e-01	-5.701e-02	-3.845e-02	-1.380e-02	7.643e-01	2.677e-01	3.942e-02	4.296e-02	1.610e-03	3.944e-02
11	1.706e-02	1.361e-02	6.635e-02	9.021e-02	1.292e-01	-5.881e-02	-6.902e-02	-5.683e-03	6.614e-01	2.842e-01	4.054e-02	4.326e-02	1.614e-03	4.059e-02
11	1.829e-02	9.483e-03	8.672e-02	1.000e-01	1.500e-01	-5.653e-02	-8.730e-03	-1.418e-02	7.731e-01	2.948e-01	4.047e-02	4.355e-02	1.533e-03	4.046e-02
11	1.042e-02	1.212e-02	6.755e-02	9.779e-02	1.500e-01	-5.463e-02	-2.250e-02	-3.711e-03	7.732e-01	3.000e-01	4.336e-02	4.693e-02	1.446e-03	4.138e-02
12	1.465e-02	6.652e-03	7.290e-02	9.552e-02	1.478e-01	-7.052e-02	-4.273e-02	-6.178e-03	7.791e-01	3.000e-01	3.884e-02	4.182e-02	1.607e-03	3.879e-02
12	8.958e-03	2.194e-02	7.201e-02	9.637e-02	8.673e-02	-6.029e-02	-2.212e-02	-1.138e-02	7.469e-01	3.000e-01	4.161e-02	4.415e-02	1.402e-03	3.096e-02
12	1.700e-02	5.664e-03	6.675e-02	9.367e-02	1.389e-01	-5.103e-02	-3.958e-02	-7.478e-03	7.778e-01	2.790e-01	4.138e-02	4.402e-02	1.477e-03	4.139e-02
12	1.359e-02	2.478e-03	7.844e-02	9.521e-02	1.500e-01	-6.465e-02	-3.490e-02	-7.046e-03	7.905e-01	2.826e-01	3.887e-02	4.173e-02	1.558e-03	3.889e-02
12	1.473e-02	6.246e-03	9.029e-02	9.696e-02	1.500e-01	-5.845e-02	-2.336e-02	-1.632e-02	7.554e-01	3.000e-01	4.052e-02	4.368e-02	1.604e-03	4.052e-02
12	1.141e-02	8.555e-03	6.873e-02	9.531e-02	1.382e-01	-6.008e-02	-3.031e-02	-5.730e-03	7.591e-01	3.000e-01	4.230e-02	4.522e-02	1.469e-03	4.222e-02
12	1.649e-02	0.000e+00	7.897e-02	9.620e-02	1.470e-01	-4.182e-02	-6.011e-02	-3.836e-03	7.493e-01	2.970e-01	4.420e-02	4.742e-02	1.589e-03	4.420e-02
12	1.664e-02	3.110e-03	6.745e-02	9.822e-02	1.500e-01	-5.367e-02	-5.199e-02	-1.172e-02	7.475e-01	2.615e-01	3.621e-02	3.923e-02	1.583e-03	3.623e-02
13	1.279e-02	1.010e-02	6.726e-02	9.306e-02	1.335e-01	-3.819e-02	-4.679e-02	-1.452e-03	7.689e-01	2.808e-01	4.396e-02	4.645e-02	1.436e-03	4.006e-02
13	1.483e-02	2.783e-03	8.052e-02	9.712e-02	1.500e-01	-5.158e-02	-1.247e-02	-9.093e-03	7.481e-01	3.000e-01	4.135e-02	4.451e-02	1.440e-03	3.832e-02
13	1.628e-02	1.832e-03	8.676e-02	9.532e-02	1.177e-01	-5.636e-02	-3.253e-02	-9.465e-03	6.523e-01	3.000e-01	3.998e-02	4.321e-02	1.490e-03	4.001e-02
13	1.323e-02	1.138e-02	6.649e-02	9.167e-02	1.331e-01	-4.654e-02	-3.941e-02	-6.361e-03	7.530e-01	3.000e-01	4.487e-02	4.770e-02	1.450e-03	4.378e-02
13	9.681e-03	1.424e-02	6.362e-02	9.141e-02	1.379e-01	-5.726e-02	-7.309e-02	-7.338e-03	7.548e-01	2.855e-01	3.985e-02	4.251e-02	1.646e-03	3.982e-02
13	1.649e-02	0.000e+00	6.558e-02	9.563e-02	1.466e-01	-4.422e-02	-5.460e-02	-1.012e-02	6.691e-01	2.787e-01	3.945e-02	4.275e-02	1.522e-03	3.944e-02
13	1.181e-02	7.198e-03	8.798e-02	9.633e-02	1.369e-01	-5.401e-02	-6.915e-02	-8.858e-03	7.429e-01	3.000e-01	4.149e-02	4.466e-02	1.730e-03	4.149e-02
13	1.883e-02	1.767e-03	8.374e-02	9.327e-02	1.500e-01	-3.553e-02	-3.766e-02	-8.826e-03	7.789e-01	3.000e-01	4.292e-02	4.598e-02	1.521e-03	4.292e-02
14	1.466e-02	8.048e-03	6.887e-02	9.019e-02	1.377e-01	-3.423e-02	-5.792e-02	-2.670e-03	7.580e-01	3.000e-01	4.454e-02	4.736e-02	1.492e-03	4.456e-02
14	1.223e-02	2.825e-02	6.290e-02	9.080e-02	1.222e-01	-4.226e-02	-3.707e-02	-4.950e-03	7.483e-01	3.000e-01	4.669e-02	4.916e-02	1.435e-03	4.271e-02
14	1.504e-02	1.626e-03	8.112e-02	1.000e-01	1.403e-01	-4.467e-02	-3.098e-02	-7.932e-03	7.573e-01	3.000e-01	4.224e-02	4.542e-02	1.491e-03	4.227e-02
14	1.686e-02	0.000e+00	7.825e-02	9.529e-02	1.440e-01	-3.432e-02	-3.096e-02	-9.077e-03	7.642e-01	3.000e-01	4.421e-02	4.727e-02	1.440e-03	4.119e-02
14	1.708e-02	7.615e-03	8.759e-02	1.000e-01	1.499e-01	-4.773e-02	-9.992e-03	-7.743e-03	7.912e-01	3.000e-01	4.237e-02	4.550e-02	1.479e-03	4.238e-02
14	1.665e-02	3.767e-03	6.895e-02	9.369e-02	1.463e-01	-4.291e-02	-3.079e-02	-8.006e-03	7.728e-01	3.000e-01	4.277e-02	4.593e-02	1.435e-03	3.870e-02
14	1.290e-02	7.316e-03	7.463e-02	8.821e-02	1.423e-01	-5.373e-02	-4.906e-02	-6.911e-03	7.565e-01	2.902e-01	4.238e-02	4.513e-02	1.548e-03	4.239e-02
14	1.343e-02	4.872e-03	6.883e-02	8.998e-02	1.482e-01	-4.883e-02	-5.045e-02	-1.168e-02	7.558e-01	3.000e-01	4.201e-02	4.509e-02	1.550e-03	4.199e-02
15	1.477e-02	1.294e-02	6.653e-02	9.125e-02	1.467e-01	-5.557e-02	-3.241e-02	-1.123e-02	7.722e-01	2.885e-01	4.166e-02	4.450e-02	1.502e-03	4.164e-02
15	1.077e-02	2.398e-02	6.828e-02	8.845e-02	1.293e-01	-5.247e-02	-4.660e-02	-4.924e-03	7.471e-01	2.999e-01	4.524e-02	4.776e-02	1.523e-03	4.521e-02
15	1.230e-02	6.661e-03	7.527e-02	9.803e-02	1.327e-01	-5.219e-02	-6.245e-02	-5.162e-03	7.447e-01	2.958e-01	4.164e-02	4.447e-02	1.614e-03	4.160e-02
15	9.386e-03	1.046e-02	6.652e-02	9.135e-02	1.445e-01	-4.489e-02	-7.077e-02	0.000e+00	7.559e-01	3.000e-01	4.272e-02	4.579e-02	1.580e-03	4.282e-02
15	1.343e-02	1.838e-02	7.322e-02	7.721e-02	1.372e-01	-1.841e-02	-5.257e-02	-4.645e-03	7.577e-01	3.000e-01	4.800e-02	5.071e-02	1.433e-03	4.359e-02
15	1.326e-02	1.520e-02	7.747e-02	9.291e-02	1.350e-01	-4.567e-02	-5.544e-02	-3.956e-03	7.571e-01	2.970e-01	4.299e-02	4.615e-02	1.585e-03	4.280e-02
15	1.719e-02	7.570e-03	7.296e-02	8.984e-02	1.469e-01	-4.659e-02	-5.918e-02	-3.032e-03	7.584e-01	2.858e-01	4.144e-02	4.427e-02	1.574e-03	4.142e-02
15	1.373e-02	2.105e-02	6.163e-02	9.118e-02	1.316e-01	-4.576e-02	-5.019e-02	-3.576e-03	7.170e-01	2.907e-01	4.431e-02	4.701e-02	1.489e-03	4.431e-02
16	1.076e-02	2.051e-02	5.520e-02	9.021e-02	1.319e-01	-5.877e-02	-4.095e-02	-5.228e-03	7.301e-01	2.898e-01	4.216e-02	4.465e-02	1.454e-03	4.192e-02
16	1.287e-02	1.693e-02	7.122e-02	9.077e-02	1.213e-01	-5.873e-02	-3.785e-02	-6.549e-03	7.572e-01	2.878e-01	4.290e-02	4.524e-02	1.491e-03	4.291e-02
16	1.161e-02	1.904e-02	6.264e-02	8.897e-02	1.316e-01	-6.201e-02	-4.895e-02	-4.897e-03	6.606e-01	2.888e-01	4.163e-02	4.448e-02	1.518e-03	4.165e-02
16	9.971e-03	3.128e-02	6.466e-02	9.300e-02	1.235e-01	-3.538e-02	-3.024e-02	-8.508e-03	7.280e-01	2.916e-01	4.640e-02	4.896e-02	1.415e-03	3.836e-02
16	5.000e-03	3.353e-02	6.713e-02	8.983e-02	1.157e-01	-5.489e-02	-4.663e-02	-3.249e-03	7.376e-01	3.000e-01	4.417e-02	4.714e-02	1.517e-03	4.425e-02
16	7.893e-03	4.338e-02	5.360e-02	6.076e-02	1.134e-01	-3.810e-02	-5.306e-02	-9.919e-04	6.129e-01	3.000e-01	4.920e-02	5.136e-02	1.342e-03	2.644e-02
16	1.228e-02	2.742e-02	5.716e-02	7.756e-02	1.401e-01	-4.036e-02	-5.853e-02	-4.385e-04	7.232e-01	2.945e-01	4.567e-02	4.834e-02	1.470e-03	4.567e-02
16	1.424e-02	1.577e-02	8.338e-02	9.068e-02	1.382e-01	-4.453e-02	-6.223e-02	-2.103e-03	7.701e-01	2.877e-01	4.250e-02	4.517e-02	1.632e-03	4.252e-02
17	1.166e-02	3.341e-02	7.908e-02	9.461e-02	1.337e-01	-5.648e-02	-1.878e-02	-3.131e-03	7.769e-01	3.000e-01	4.306e-02	4.592e-02	1.514e-03	4.309e-02
17	1.043e-02	3.316e-02	6.165e-02	5.446e-02	1.276e-01	-5.839e-02	-3.406e-02	-6.499e-03	7.438e-01	2.959e-01	4.520e-02	4.714e-02	1.370e-03	2.823e-02
17	1.037e-02	1.430e-02	6.489e-02	9.057e-02	1.311e-01	-5.549e-02	-4.640e-02	-4.396e-03	7.501e-01	2.824e-01	4.210e-02	4.450e-02	1.485e-03	4.210e-02
17	1.266e-02	0.000e+00	7.173e-02	9.658e-02	1.436e-01	-5.914e-02	-4.603e-02	-4.141e-03	7.704e-01	2.931e-01	4.036e-02	4.331e-02	1.532e-03	4.037e-02
17	1.086e-02	3.371e-02	6.026e-02	8.655e-02	1.346e-01	-5.342e-02	-3.680e-02	-4.158e-03	7.452e-01	3.000e-01	4.559e-02	4.814e-02	1.483e-03	4.554e-02
17	1.050e-02	3.172e-02	6.791e-02	8.963e-02	1.206e-01	-6.761e-02	-4.230e-02	-4.862e-03	7.408e-01	2.849e-01	4.148e-02	4.366e-02	1.556e-03	4.146e-02
17	1.358e-02	1.325e-02	6.330e-02	8.872e-02	1.423e-01	-4.506e-02	-4.943e-02	-1.583e-03	7.574e-01	2.943e-01	4.516e-02	4.801e-02	1.473e-03	4.515e-02
17	1.206e-02	1.319e-02	6.916e-02	9.428e-02	1.350e-01	-3.552e-02	-4.329e-02	-4.586e-03	7.559e-01	2.895e-01	4.440e-02	4.712e-02	1.453e-03	4.397e-02
18	1.163e-02	2.391e-02	6.125e-02	9.017e-02	1.258e-01	-5.396e-02	-3.096e-02	-5.397e-03	7.491e-01	2.985e-01	4.508e-02	4.755e-02	1.426e-03	3.915e-02
18	1.125e-02	2.634e-02	5.973e-02	8.015e-02	1.436e-01	-6.014e-02	-3.984e-02	-1.672e-03	7.437e-01	2.951e-01	4.237e-02	4.508e-02	1.475e-03	4.239e-02
18	1.046e-02	2.044e-02	7.063e-02	9.571e-02	1.332e-01	-4.572e-02	-4.520e-02	-4.015e-03	7.468e-01	2.863e-01	4.378e-02	4.659e-02	1.518e-03	4.379e-02
18	1.413e-02	2.228e-02	7.454e-02	9.131e-02	1.217e-01	-3.847e-02	-2.729e-02	-1.038e-02	7.523e-01	3.000e-01	4.563e-02	4.820e-02	1.436e-03	4.180e-02
18	6.906e-03	2.780e-02	6.541e-02	9.127e-02	1.348e-01	-5.129e-02	-3.693e-02	-3.604e-03	7.624e-01	2.940e-01	4.433e-02	4.681e-02	1.481e-03	4.431e-02
18	1.397e-02	2.793e-02	7.150e-02	8.971e-02	1.403e-01	-6.220e-02	-2.870e-02	-8.622e-03	7.625e-01	2.861e-01	4.127e-02	4.374e-02	1.545e-03	4.127e-02
18	1.535e-02	1.946e-02	7.404e-02	9.626e-02	1.276e-01	-4.238e-02	-2.972e-02	-9.529e-03	7.405e-01	2.940e-01	4.449e-02	4.724e-02	1.473e-03	4.452e-02
18	1.729e-02	7.594e-03	6.488e-02	8.814e-02	1.500e-01	-4.336e-02	-6.235e-02	0.000e+00	7.618e-01	2.951e-01	4.144e-02	4.450e-02	1.529e-03	4.151e-02
19	7.657e-03	2.795e-02	6.293e-02	9.343e-02	1.150e-01	-5.575e-02	-3.772e-02	-5.161e-03	7.490e-01	2.867e-01	4.575e-02	4.808e-02	1.461e-03	4.576e-02
19	7.373e-03	2.433e-02	7.170e-02	9.282e-02	1.304e-01	-5.728e-02	-4.386e-02	-7.520e-03	7.451e-01	2.763e-01	4.144e-02	4.380e-02	1.559e-03	4.146e-02
19	1.108e-02	2.262e-02	7.349e-02	9.476e-02	1.213e-01	-5.910e-02	-2.769e-02	-1.123e-02	7.568e-01	2.797e-01	4.210e-02	4.446e-02	1.504e-03	4.212e-02
19	9.992e-03	2.121e-02	7.522e-02	9.126e-02	1.323e-01	-4.898e-02	-4.350e-02	-1.035e-02	7.476e-01	2.911e-01	4.323e-02	4.580e-02	1.555e-03	4.321e-02
19	1.361e-02	2.034e-02	6.017e-02	8.814e-02	1.428e-01	-4.460e-02	-4.845e-02	-3.385e-03	7.585e-01	2.853e-01	4.260e-02	4.548e-02	1.485e-03	4.258e-02
19	7.023e-03	1.320e-02	6.200e-02	9.416e-02	1.324e-01	-4.004e-02	-5.065e-02	-6.299e-03	6.329e-01	3.000e-01	4.321e-02	4.641e-02	1.451e-03	4.233e-02
19	5.000e-03	3.340e-02	7.216e-02	9.229e-02	1.280e-01	-4.988e-02	-4.325e-02	-7.075e-03	6.319e-01	2.952e-01	4.444e-02	4.740e-02	1.546e-03	4.440e-02
19	1.320e-02	2.225e-02	7.981e-02	9.629e-02	1.309e-01	-3.133e-02	-3.870e-02	-6.032e-03	7.641e-01	2.943e-01	4.524e-02	4.815e-02	1.507e-03	4.524e-02
20	8.336e-03	2.939e-02	5.918e-02	9.270e-02	1.282e-01	-4.126e-02	-4.330e-02	-3.605e-03	6.838e-01	2.972e-01	4.677e-02	4.964e-02	1.444e-03	4.466e-02
20	1.279e-02	1.428e-02	7.241e-02	9.373e-02	1.298e-01	-4.382e-02	-5.072e-02	-5.590e-03	7.470e-01	2.828e-01	4.312e-02	4.565e-02	1.520e-03	4.312e-02
20	7.061e-03	2.572e-02	6.652e-02	9.438e-02	1.257e-01	-4.622e-02	-3.494e-02	-6.871e-03	7.518e-01	2.959e-01	4.492e-02	4.759e-02	1.461e-03	4.486e-02
20	9.654e-03	2.530e-02	7.430e-02	9.220e-02	1.160e-01	-4.972e-02	-4.569e-02	-6.602e-03	7.483e-01	2.947e-01	4.422e-02	4.676e-02	1.533e-03	4.423e-02
20	8.747e-03	2.439e-02	6.313e-02	9.470e-02	1.167e-01	-3.990e-02	-3.720e-02	-7.231e-03	7.435e-01	2.863e-01	4.636e-02	4.879e-02	1.418e-03	3.893e-02
20	5.000e-03	3.437e-02	7.335e-02	9.647e-02	1.206e-01	-5.686e-02	-4.035e-02	-6.894e-03	6.626e-01	2.840e-01	4.293e-02	4.566e-02	1.562e-03	4.297e-02
20	1.100e-02	3.200e-02	8.038e-02	9.727e-02	1.290e-01	-4.349e-02	-3.424e-02	-5.932e-03	7.540e-01	2.976e-01	4.459e-02	4.739e-02	1.557e-03	4.464e-02
20	7.918e-03	3.844e-02	7.535e-02	9.280e-02	1.138e-01	-4.871e-02	-4.057e-02	-4.911e-03	7.516e-01	2.924e-01	4.475e-02	4.709e-02	1.542e-03	4.477e-02
21	1.052e-02	2.526e-02	6.594e-02	8.773e-02	1.250e-01	-4.724e-02	-5.607e-02	-4.950e-03	7.269e-01	2.916e-01	4.406e-02	4.650e-02	1.530e-03	4.409e-02
21	7.250e-03	2.829e-02	6.760e-02	9.392e-02	1.145e-01	-5.544e-02	-4.277e-02	-7.000e-03	7.248e-01	2.866e-01	4.230e-02	4.461e-02	1.514e-03	4.231e-02
21	1.198e-02	2.385e-02	6.028e-02	9.077e-02	1.220e-01	-4.314e-02	-4.230e-02	-4.252e-03	7.579e-01	2.952e-01	4.476e-02	4.721e-02	1.432e-03	4.021e-02
21	6.957e-03	3.031e-02	6.392e-02	9.230e-02	1.266e-01	-4.983e-02	-4.221e-02	-5.868e-03	7.131e-01	2.941e-01	4.446e-02	4.708e-02	1.496e-03	4.441e-02
21	8.012e-03	2.951e-02	6.893e-02	9.292e-02	1.137e-01	-4.669e-02	-4.227e-02	-6.577e-03	7.074e-01	3.000e-01	4.482e-02	4.745e-02	1.488e-03	4.482e-02
21	7.766e-03	3.093e-02	6.760e-02	9.542e-02	1.265e-01	-4.441e-02	-3.472e-02	-4.981e-03	7.527e-01	2.954e-01	4.559e-02	4.922e-02	1.476e-03	4.537e-02
21	1.322e-02	2.200e-02	6.943e-02	9.618e-02	1.283e-01	-3.289e-02	-2.950e-02	-7.422e-03	7.494e-01	2.964e-01	4.535e-02	4.804e-02	1.421e-03	3.842e-02
21	8.291e-03	2.469e-02	7.047e-02	9.737e-02	1.273e-01	-3.725e-02	-3.989e-02	-4.041e-03	7.503e-01	2.967e-01	4.726e-02	5.001e-02	1.473e-03	4.726e-02
22	6.345e-03	2.051e-02	7.776e-02	9.967e-02	1.177e-01	-4.051e-02	-3.607e-02	-6.538e-03	7.498e-01	2.954e-01	4.495e-02	4.780e-02	1.479e-03	4.499e-02
22	1.169e-02	2.103e-02	6.836e-02	9.894e-02	1.291e-01	-3.737e-02	-2.899e-02	-6.987e-03	6.984e-01	2.989e-01	4.442e-02	4.731e-02	1.426e-03	3.859e-02
22	1.020e-02	3.522e-02	7.029e-02	9.853e-02	1.287e-01	-4.493e-02	-3.096e-02	-3.689e-03	7.586e-01	2.918e-01	4.558e-02	4.834e-02	1.504e-03	4.558e-02
22	9.490e-03	1.786e-02	7.638e-02	9.721e-02	1.244e-01	-4.535e-02	-4.669e-02	-4.980e-03	7.436e-01	2.968e-01	4.435e-02	4.720e-02	1.537e-03	4.435e-02
22	9.860e-03	1.717e-02	7.581e-02	9.914e-02	1.145e-01	-3.445e-02	-3.665e-02	-6.890e-03	7.474e-01	2.929e-01	4.548e-02	4.835e-02	1.438e-03	4.202e-02
22	7.433e-03	2.997e-02	6.777e-02	9.626e-02	1.121e-01	-4.270e-02	-3.638e-02	-6.846e-03	7.447e-01	2.880e-01	4.461e-02	4.694e-02	1.454e-03	4.443e-02
22	5.400e-03	4.480e-02	7.079e-02	9.526e-02	1.107e-01	-4.800e-02	-3.706e-02	-5.750e-03	7.206e-01	2.947e-01	4.431e-02	4.680e-02	1.524e-03	4.433e-02
22	7.156e-03	2.641e-02	6.791e-02	9.387e-02	1.281e-01	-5.230e-02	-4.375e-02	-5.786e-03	7.154e-01	2.932e-01	4.449e-02	4.729e-02	1.525e-03	4.449e-02
23	5.000e-03	4.050e-02	6.955e-02	9.148e-02	1.200e-01	-4.862e-02	-4.384e-02	-4.106e-03	7.478e-01	2.980e-01	4.516e-02	4.755e-02	1.538e-03	4.518e-02
23	1.072e-02	2.175e-02	6.890e-02	1.000e-01	1.237e-01	-4.671e-02	-3.141e-02	-6.081e-03	7.536e-01	2.837e-01	4.366e-02	4.618e-02	1.460e-03	4.366e-02
23	1.306e-02	2.130e-02	7.923e-02	9.877e-02	1.260e-01	-3.045e-02	-3.833e-02	-6.648e-03	7.590e-01	2.946e-01	4.475e-02	4.754e-02	1.499e-03	4.478e-02
23	7.393e-03	3.116e-02	7.179e-02	9.766e-02	1.172e-01	-5.233e-02	-3.490e-02	-3.288e-03	7.643e-01	2.935e-01	4.381e-02	4.629e-02	1.502e-03	4.381e-02
23	1.142e-02	1.733e-02	6.892e-02	9.886e-02	1.285e-01	-3.316e-02	-3.299e-02	-5.517e-03	7.525e-01	3.000e-01	4.524e-02	4.808e-02	1.417e-03	3.766e-02
23	1.158e-02	2.780e-02	7.402e-02	1.000e-01	1.313e-01	-3.067e-02	-3.009e-02	-5.140e-03	7.452e-01	2.973e-01	4.607e-02	4.895e-02	1.465e-03	4.607e-02
23	1.060e-02	2.246e-02	7.161e-02	9.643e-02	1.276e-01	-4.069e-02	-4.455e-02	-5.142e-03	7.504e-01	2.889e-01	4.421e-02	4.675e-02	1.508e-03	4.418e-02
23	6.388e-03	1.382e-02	7.917e-02	1.000e-01	1.207e-01	-4.790e-02	-4.542e-02	-7.290e-03	7.421e-01	2.894e-01	4.295e-02	4.580e-02	1.539e-03	4.298e-02
24	1.011e-02	4.314e-02	7.312e-02	9.823e-02	1.301e-01	-3.360e-02	-2.782e-02	-5.583e-03	7.397e-01	2.973e-01	4.591e-02	4.868e-02	1.502e-03	4.592e-02
24	6.365e-03	2.408e-02	7.076e-02	9.381e-02	1.243e-01	-5.473e-02	-4.804e-02	-4.778e-03	7.507e-01	2.936e-01	4.286e-02	4.532e-02	1.547e-03	4.284e-02
24	7.740e-03	3.273e-02	7.959e-02	1.000e-01	1.205e-01	-2.713e-02	-3.471e-02	-5.833e-03	7.521e-01	2.924e-01	4.612e-02	4.891e-02	1.488e-03	4.613e-02
24	9.866e-03	3.669e-02	7.257e-02	9.608e-02	1.215e-01	-4.429e-02	-3.586e-02	-4.444e-03	7.525e-01	2.919e-01	4.494e-02	4.748e-02	1.517e-03	4.497e-02
24	7.801e-03	4.334e-02	6.638e-02	9.616e-02	1.159e-01	-4.083e-02	-2.705e-02	-4.696e-03	7.430e-01	2.983e-01	4.752e-02	5.004e-02	1.449e-03	4.633e-02
24	1.310e-02	3.382e-02	7.002e-02	9.262e-02	1.342e-01	-5.676e-02	-4.343e-02	-4.594e-03	7.275e-01	2.944e-01	4.327e-02	4.590e-02	1.589e-03	4.330e-02
24	5.000e-03	3.155e-02	6.513e-02	9.937e-02	1.152e-01	-3.405e-02	-3.921e-02	-6.183e-03	7.045e-01	2.956e-01	4.596e-02	4.871e-02	1.442e-03	4.317e-02
24	1.597e-02	2.295e-02	7.484e-02	9.486e-02	1.270e-01	-1.030e-02	-3.645e-02	-6.226e-03	7.492e-01	3.000e-01	4.749e-02	5.030e-02	1.405e-03	3.740e-02
25	7.964e-03	3.974e-02	7.935e-02	9.820e-02	1.137e-01	-3.575e-02	-2.587e-02	-6.424e-03	7.469e-01	2.957e-01	4.646e-02	4.914e-02	1.478e-03	4.643e-02
25	1.175e-02	3.969e-02	7.620e-02	1.000e-01	1.225e-01	-3.793e-02	-2.790e-02	-4.899e-03	7.501e-01	2.918e-01	4.581e-02	4.847e-02	1.507e-03	4.579e-02
25	7.691e-03	3.098e-02	6.321e-02	9.750e-02	1.229e-01	-3.484e-02	-2.737e-02	-6.860e-03	7.501e-01	2.901e-01	4.605e-02	4.860e-02	1.398e-03	3.448e-02
25	9.445e-03	2.493e-02	7.320e-02	1.000e-01	1.218e-01	-4.242e-02	-3.332e-02	-5.438e-03	6.954e-01	2.919e-01	4.502e-02	4.797e-02	1.469e-03	4.502e-02
25	5.000e-03	5.213e-02	7.614e-02	9.712e-02	1.289e-01	-3.482e-02	-2.881e-02	-5.271e-03	7.503e-01	2.979e-01	4.687e-02	4.962e-02	1.539e-03	4.688e-02
25	1.123e-02	3.466e-02	7.646e-02	9.929e-02	1.330e-01	-3.688e-02	-3.455e-02	-5.340e-03	7.410e-01	2.935e-01	4.570e-02	4.858e-02	1.539e-03	4.573e-02
25	7.203e-03	3.632e-02	7.546e-02	9.741e-02	1.208e-01	-5.149e-02	-3.570e-02	-5.431e-03	7.455e-01	2.950e-01	4.622e-02	4.887e-02	1.552e-03	4.619e-02
25	8.020e-03	3.206e-02	7.409e-02	9.498e-02	1.194e-01	-4.148e-02	-4.286e-02	-5.373e-03	7.490e-01	2.972e-01	4.550e-02	4.809e-02	1.525e-03	4.547e-02
26	1.077e-02	4.033e-02	7.603e-02	9.758e-02	1.424e-01	-4.112e-02	-3.646e-02	-6.420e-03	7.429e-01	2.952e-01	4.517e-02	4.803e-02	1.601e-03	4.516e-02
26	6.686e-03	2.989e-02	8.020e-02	9.807e-02	1.282e-01	-4.585e-02	-3.133e-02	-5.378e-03	7.559e-01	3.000e-01	4.489e-02	4.774e-02	1.533e-03	4.492e-02
26	1.399e-02	3.795e-02	7.554e-02	8.985e-02	1.364e-01	-4.400e-02	-4.215e-02	-5.017e-03	7.521e-01	3.000e-01	4.493e-02	4.764e-02	1.588e-03	4.498e-02
26	6.367e-03	3.898e-02	7.864e-02	9.975e-02	1.199e-01	-3.284e-02	-3.050e-02	-5.373e-03	7.560e-01	2.968e-01	4.717e-02	4.995e-02	1.500e-03	4.717e-02
26	5.000e-03	2.627e-02	7.710e-02	9.827e-02	1.233e-01	-4.539e-02	-4.106e-02	-5.034e-03	7.493e-01	2.955e-01	4.377e-02	4.649e-02	1.533e-03	4.381e-02
26	8.805e-03	4.567e-02	8.248e-02	9.932e-02	1.226e-01	-4.481e-02	-2.855e-02	-5.036e-03	7.526e-01	2.966e-01	4.496e-02	4.772e-02	1.574e-03	4.499e-02
26	8.294e-03	3.680e-02	7.343e-02	9.715e-02	1.117e-01	-4.828e-02	-4.034e-02	-6.787e-03	6.567e-01	2.941e-01	4.424e-02	4.710e-02	1.533e-03	4.428e-02
26	1.129e-02	3.213e-02	7.735e-02	9.706e-02	1.228e-01	-5.197e-02	-3.189e-02	-5.026e-03	7.503e-01	2.969e-01	4.474e-02	4.754e-02	1.539e-03	4.475e-02
27	7.642e-03	4.507e-02	7.813e-02	1.000e-01	1.260e-01	-3.075e-02	-2.653e-02	-4.598e-03	7.561e-01	2.965e-01	4.663e-02	4.956e-02	1.507e-03	4.666e-02
27	5.000e-03	6.281e-02	6.843e-02	9.414e-02	1.054e-01	-3.821e-02	-3.066e-02	-4.265e-03	7.490e-01	2.998e-01	4.739e-02	4.983e-02	1.499e-03	4.739e-02
27	7.009e-03	2.069e-02	7.803e-02	1.000e-01	1.194e-01	-3.479e-02	-3.602e-02	-5.740e-03	7.553e-01	2.968e-01	4.524e-02	4.817e-02	1.467e-03	4.528e-02
27	9.343e-03	3.405e-02	8.227e-02	9.886e-02	1.210e-01	-4.378e-02	-3.609e-02	-6.878e-03	7.532e-01	2.963e-01	4.505e-02	4.786e-02	1.570e-03	4.509e-02
27	6.548e-03	4.498e-02	7.939e-02	1.000e-01	1.201e-01	-4.277e-02	-2.509e-02	-5.185e-03	7.432e-01	2.959e-01	4.627e-02	4.907e-02	1.532e-03	4.629e-02
27	5.000e-03	4.630e-02	7.020e-02	9.650e-02	1.055e-01	-4.690e-02	-3.667e-02	-5.403e-03	7.126e-01	2.972e-01	4.509e-02	4.767e-02	1.511e-03	4.512e-02
27	1.061e-02	4.414e-02	7.638e-02	1.000e-01	1.181e-01	-2.359e-02	-2.332e-02	-5.931e-03	7.541e-01	2.947e-01	4.804e-02	5.071e-02	1.453e-03	4.756e-02
27	5.000e-03	3.390e-02	7.574e-02	1.000e-01	1.239e-01	-2.737e-02	-2.515e-02	-5.185e-03	7.574e-01	2.999e-01	4.743e-02	5.028e-02	1.433e-03	4.294e-02
28	9.253e-03	4.956e-02	8.409e-02	1.000e-01	1.159e-01	-2.929e-02	-2.504e-02	-5.859e-03	7.499e-01	2.952e-01	4.624e-02	4.929e-02	1.524e-03	4.622e-02
28	9.292e-03	4.982e-02	7.056e-02	9.687e-02	1.256e-01	-3.288e-02	-2.322e-02	-5.559e-03	7.546e-01	2.938e-01	4.644e-02	4.941e-02	1.477e-03	4.645e-02
28	1.018e-02	4.106e-02	7.607e-02	9.755e-02	1.170e-01	-2.094e-02	-3.460e-02	-6.456e-03	7.491e-01	2.979e-01	4.710e-02	4.976e-02	1.477e-03	4.708e-02
28	1.162e-02	4.197e-02	7.784e-02	9.678e-02	1.269e-01	-3.287e-02	-2.829e-02	-5.314e-03	7.566e-01	2.968e-01	4.701e-02	4.984e-02	1.513e-03	4.697e-02
28	6.043e-03	5.351e-02	8.051e-02	1.000e-01	1.026e-01	-1.256e-02	-2.802e-02	-5.286e-03	7.572e-01	2.979e-01	4.816e-02	5.095e-02	1.448e-03	4.669e-02
28	1.184e-02	3.307e-02	7.143e-02	9.944e-02	1.231e-01	-2.926e-02	-2.801e-02	-5.062e-03	7.447e-01	2.975e-01	4.643e-02	4.914e-02	1.439e-03	4.308e-02
28	8.926e-03	4.787e-02	7.605e-02	9.875e-02	1.281e-01	-3.493e-02	-2.784e-02	-4.001e-03	7.642e-01	2.924e-01	4.677e-02	4.975e-02	1.526e-03	4.676e-02
28	5.708e-03	5.969e-02	7.103e-02	9.636e-02	1.177e-01	-4.083e-02	-2.979e-02	-4.428e-03	7.441e-01	2.947e-01	4.694e-02	4.947e-02	1.539e-03	4.696e-02
29	7.540e-03	4.965e-02	7.750e-02	9.460e-02	1.240e-01	-4.730e-02	-4.017e-02	-5.657e-03	7.473e-01	2.928e-01	4.462e-02	4.713e-02	1.614e-03	4.462e-02
29	5.711e-03	6.365e-02	7.102e-02	9.434e-02	1.100e-01	-3.352e-02	-3.589e-02	-5.125e-03	6.817e-01	2.975e-01	4.728e-02	4.989e-02	1.530e-03	4.726e-02
29	1.152e-02	4.447e-02	7.334e-02	9.876e-02	1.307e-01	-2.634e-02	-2.354e-02	-4.841e-03	7.612e-01	2.953e-01	4.663e-02	4.929e-02	1.469e-03	4.666e-02
29	8.052e-03	6.301e-02	7.375e-02	9.803e-02	1.181e-01	-2.867e-02	-2.018e-02	-5.212e-03	7.602e-01	2.948e-01	4.829e-02	5.084e-02	1.495e-03	4.830e-02
29	9.736e-03	4.507e-02	7.471e-02	9.754e-02	1.205e-01	-1.905e-02	-2.753e-02	-5.475e-03	7.579e-01	2.962e-01	4.815e-02	5.076e-02	1.450e-03	4.698e-02
29	9.081e-03	6.732e-02	7.234e-02	9.619e-02	1.203e-01	-2.682e-02	-2.911e-02	-5.659e-03	6.988e-01	2.961e-01	4.706e-02	4.963e-02	1.536e-03	4.702e-02
29	7.195e-03	3.419e-02	7.466e-02	9.719e-02	1.237e-01	-4.699e-02	-3.241e-02	-6.300e-03	7.377e-01	2.968e-01	4.492e-02	4.782e-02	1.521e-03	4.493e-02
29	5.909e-03	4.629e-02	7.495e-02	9.767e-02	1.018e-01	-3.564e-02	-2.758e-02	-5.976e-03	7.520e-01	2.966e-01	4.613e-02	4.865e-02	1.459e-03	4.617e-02
30	7.982e-03	5.798e-02	6.754e-02	9.796e-02	1.233e-01	-2.327e-02	-2.015e-02	-4.253e-03	7.429e-01	2.968e-01	4.863e-02	5.118e-02	1.437e-03	4.505e-02
30	7.055e-03	5.963e-02	7.035e-02	9.609e-02	1.175e-01	-3.703e-02	-2.501e-02	-5.175e-03	7.547e-01	2.962e-01	4.650e-02	4.891e-02	1.507e-03	4.651e-02
30	5.043e-03	7.000e-02	7.265e-02	9.538e-02	1.094e-01	-3.985e-02	-2.783e-02	-5.095e-03	7.442e-01	2.958e-01	4.637e-02	4.887e-02	1.551e-03	4.634e-02
30	1.205e-02	5.158e-02	7.146e-02	9.623e-02	1.234e-01	-2.179e-02	-2.672e-02	-5.883e-03	7.507e-01	2.963e-01	4.858e-02	5.118e-02	1.468e-03	4.857e-02
30	9.883e-03	6.218e-02	7.505e-02	9.630e-02	1.176e-01	-3.780e-02	-2.432e-02	-5.707e-03	7.570e-01	2.955e-01	4.625e-02	4.875e-02	1.546e-03	4.625e-02
30	9.357e-03	6.705e-02	7.518e-02	9.784e-02	1.171e-01	-2.100e-02	-1.993e-02	-4.549e-03	7.665e-01	2.947e-01	4.891e-02	5.149e-02	1.489e-03	4.893e-02
30	9.861e-03	3.052e-02	7.737e-02	1.000e-01	1.305e-01	-2.405e-02	-2.912e-02	-5.221e-03	7.768e-01	2.941e-01	4.656e-02	4.932e-02	1.460e-03	4.659e-02
30	8.605e-03	6.275e-02	6.763e-02	9.727e-02	1.117e-01	-2.080e-02	-1.981e-02	-5.276e-03	7.490e-01	2.964e-01	4.899e-02	5.143e-02	1.424e-03	4.281e-02
31	7.092e-03	5.586e-02	6.993e-02	9.628e-02	1.196e-01	-3.364e-02	-2.725e-02	-5.637e-03	7.472e-01	2.953e-01	4.708e-02	4.970e-02	1.494e-03	4.710e-02
31	1.174e-02	5.416e-02	7.512e-02	9.751e-02	1.180e-01	-2.055e-02	-2.262e-02	-5.692e-03	7.683e-01	2.931e-01	4.853e-02	5.108e-02	1.463e-03	4.855e-02
31	9.977e-03	7.000e-02	7.245e-02	9.766e-02	1.181e-01	-1.580e-02	-1.368e-02	-5.460e-03	7.572e-01	2.970e-01	5.000e-02	5.259e-02	1.447e-03	4.834e-02
31	5.767e-03	7.000e-02	7.208e-02	9.554e-02	1.131e-01	-2.331e-02	-2.017e-02	-5.175e-03	7.577e-01	2.963e-01	4.884e-02	5.151e-02	1.473e-03	4.883e-02
31	9.984e-03	4.021e-02	7.350e-02	9.817e-02	1.265e-01	-1.685e-02	-2.557e-02	-4.776e-03	7.743e-01	2.951e-01	4.868e-02	5.128e-02	1.424e-03	4.234e-02
31	9.418e-03	5.883e-02	7.648e-02	9.910e-02	1.204e-01	-1.840e-02	-2.037e-02	-5.782e-03	7.604e-01	2.949e-01	4.877e-02	5.138e-02	1.475e-03	4.874e-02
31	7.336e-03	7.000e-02	6.783e-02	9.394e-02	1.077e-01	-2.283e-02	-2.820e-02	-4.482e-03	7.492e-01	2.973e-01	4.862e-02	5.102e-02	1.472e-03	4.861e-02
31	7.912e-03	6.044e-02	7.686e-02	1.000e-01	1.149e-01	-2.006e-02	-1.377e-02	-7.393e-03	7.539e-01	2.953e-01	4.826e-02	5.091e-02	1.452e-03	4.755e-02
32	6.556e-03	7.000e-02	7.362e-02	9.535e-02	1.035e-01	-2.078e-02	-1.742e-02	-4.839e-03	7.644e-01	2.966e-01	4.932e-02	5.185e-02	1.436e-03	4.549e-02
32	1.180e-02	4.880e-02	7.425e-02	9.717e-02	1.288e-01	-2.316e-02	-2.224e-02	-5.437e-03	7.666e-01	2.955e-01	4.684e-02	4.939e-02	1.469e-03	4.679e-02
32	6.773e-03	6.021e-02	7.218e-02	9.758e-02	1.070e-01	-2.510e-02	-1.737e-02	-6.365e-03	7.533e-01	2.949e-01	4.882e-02	5.138e-02	1.428e-03	4.332e-02
32	1.513e-02	5.983e-02	7.314e-02	9.898e-02	1.260e-01	-1.643e-03	-1.415e-02	-4.863e-03	7.760e-01	2.953e-01	4.950e-02	5.228e-02	1.400e-03	3.832e-02
32	1.132e-02	7.000e-02	7.568e-02	9.681e-02	1.193e-01	-7.703e-03	-1.668e-02	-5.305e-03	7.661e-01	2.937e-01	4.934e-02	5.196e-02	1.453e-03	4.884e-02
32	5.000e-03	7.000e-02	7.242e-02	9.811e-02	1.046e-01	-1.666e-02	-1.094e-02	-4.879e-03	7.594e-01	2.958e-01	4.979e-02	5.238e-02	1.398e-03	3.837e-02
32	1.195e-02	5.593e-02	7.513e-02	9.555e-02	1.267e-01	-1.630e-02	-3.104e-02	-4.825e-03	7.605e-01	2.980e-01	4.823e-02	5.081e-02	1.506e-03	4.821e-02
32	6.362e-03	5.408e-02	7.294e-02	9.739e-02	1.194e-01	-2.915e-02	-2.157e-02	-5.709e-03	7.633e-01	2.944e-01	4.690e-02	4.949e-02	1.466e-03	4.689e-02
33	1.228e-02	6.030e-02	7.655e-02	9.567e-02	1.233e-01	-2.095e-02	-2.343e-02	-5.470e-03	7.632e-01	2.954e-01	4.839e-02	5.095e-02	1.502e-03	4.839e-02
33	1.186e-02	5.498e-02	6.984e-02	9.448e-02	1.291e-01	-1.960e-02	-3.214e-02	-4.179e-03	7.636e-01	2.953e-01	4.809e-02	5.065e-02	1.492e-03	4.810e-02
33	1.011e-02	5.243e-02	7.814e-02	9.639e-02	1.227e-01	-2.401e-02	-2.363e-02	-6.145e-03	7.629e-01	2.986e-01	4.708e-02	4.970e-02	1.492e-03	4.705e-02
33	1.015e-02	6.316e-02	7.676e-02	9.472e-02	1.212e-01	-1.597e-02	-2.075e-02	-5.063e-03	7.764e-01	2.974e-01	4.878e-02	5.138e-02	1.471e-03	4.879e-02
33	1.299e-02	5.760e-02	7.367e-02	9.734e-02	1.290e-01	-1.189e-02	-1.791e-02	-5.449e-03	7.650e-01	2.970e-01	4.903e-02	5.167e-02	1.443e-03	4.655e-02
33	1.310e-02	6.192e-02	7.584e-02	9.564e-02	1.287e-01	-1.332e-02	-2.137e-02	-5.941e-03	7.649e-01	2.960e-01	4.912e-02	5.173e-02	1.485e-03	4.905e-02
33	1.689e-02	4.306e-02	7.524e-02	1.000e-01	1.397e-01	0.000e+00	-1.419e-02	-6.277e-03	7.737e-01	2.928e-01	4.828e-02	5.112e-02	1.390e-03	3.527e-02
33	8.693e-03	5.589e-02	7.183e-02	9.411e-02	1.202e-01	-3.121e-02	-2.445e-02	-5.969e-03	7.630e-01	2.949e-01	4.799e-02	5.045e-02	1.484e-03	4.800e-02
34	1.179e-02	7.000e-02	7.171e-02	9.255e-02	1.204e-01	-8.042e-03	-2.165e-02	-5.903e-03	7.667e-01	2.953e-01	4.954e-02	5.200e-02	1.452e-03	4.883e-02
34	1.082e-02	7.000e-02	7.292e-02	9.360e-02	1.175e-01	-1.978e-02	-1.728e-02	-5.183e-03	7.647e-01	2.962e-01	4.923e-02	5.186e-02	1.463e-03	4.925e-02
34	8.446e-03	6.696e-02	7.771e-02	9.541e-02	1.218e-01	-2.303e-02	-2.365e-02	-4.658e-03	7.670e-01	2.940e-01	4.830e-02	5.085e-02	1.524e-03	4.833e-02
34	1.103e-02	7.000e-02	7.803e-02	9.511e-02	1.329e-01	-1.683e-02	-2.093e-02	-5.458e-03	7.639e-01	2.954e-01	4.902e-02	5.178e-02	1.535e-03	4.901e-02
34	7.812e-03	7.000e-02	7.494e-02	9.526e-02	1.249e-01	-1.782e-02	-1.841e-02	-5.176e-03	7.673e-01	2.972e-01	4.909e-02	5.166e-02	1.488e-03	4.908e-02
34	1.199e-02	5.177e-02	7.386e-02	9.539e-02	1.233e-01	-1.446e-02	-2.611e-02	-5.034e-03	7.705e-01	2.978e-01	4.829e-02	5.082e-02	1.450e-03	4.720e-02
34	1.017e-02	7.000e-02	7.708e-02	9.577e-02	1.223e-01	-1.116e-02	-1.132e-02	-6.179e-03	7.667e-01	2.958e-01	4.926e-02	5.185e-02	1.449e-03	4.807e-02
34	1.063e-02	6.027e-02	7.465e-02	9.329e-02	1.245e-01	-1.760e-02	-2.493e-02	-4.990e-03	7.762e-01	2.979e-01	4.885e-02	5.138e-02	1.479e-03	4.886e-02
35	6.010e-03	6.634e-02	7.601e-02	9.626e-02	1.227e-01	-2.384e-02	-1.520e-02	-5.345e-03	7.689e-01	2.963e-01	4.867e-02	5.124e-02	1.480e-03	4.866e-02
35	8.416e-03	7.000e-02	7.098e-02	9.091e-02	1.180e-01	-1.710e-02	-1.646e-02	-4.600e-03	7.684e-01	2.978e-01	4.986e-02	5.239e-02	1.428e-03	4.436e-02
35	9.819e-03	6.890e-02	7.643e-02	9.461e-02	1.182e-01	-1.185e-02	-2.284e-02	-6.106e-03	7.543e-01	2.943e-01	4.892e-02	5.157e-02	1.484e-03	4.899e-02
35	8.325e-03	7.000e-02	7.360e-02	9.117e-02	1.113e-01	-1.807e-02	-2.272e-02	-5.031e-03	7.676e-01	2.975e-01	4.898e-02	5.225e-02	1.462e-03	4.910e-02
35	1.415e-02	7.000e-02	7.452e-02	9.677e-02	1.432e-01	-9.390e-03	-9.100e-03	-4.724e-03	7.758e-01	2.972e-01	4.827e-02	5.107e-02	1.471e-03	4.831e-02
35	8.874e-03	5.480e-02	7.862e-02	9.888e-02	1.207e-01	-2.058e-02	-2.358e-02	-5.147e-03	7.636e-01	2.952e-01	4.828e-02	5.099e-02	1.488e-03	4.824e-02
35	1.294e-02	7.000e-02	7.659e-02	9.487e-02	1.326e-01	-1.141e-02	-1.954e-02	-5.181e-03	7.625e-01	2.948e-01	4.851e-02	5.110e-02	1.503e-03	4.849e-02
35	1.075e-02	6.366e-02	8.130e-02	9.947e-02	1.259e-01	-1.374e-02	-1.217e-02	-5.553e-03	7.740e-01	2.956e-01	4.846e-02	5.131e-02	1.478e-03	4.851e-02
36	7.938e-03	7.000e-02	7.864e-02	9.668e-02	1.220e-01	-1.471e-02	-1.602e-02	-5.008e-03	7.749e-01	2.955e-01	4.850e-02	5.111e-02	1.482e-03	4.847e-02
36	1.038e-02	7.000e-02	7.854e-02	9.380e-02	1.175e-01	-3.700e-03	-1.916e-02	-6.070e-03	7.610e-01	2.947e-01	4.884e-02	5.170e-02	1.450e-03	4.775e-02
36	1.041e-02	6.683e-02	7.251e-02	9.289e-02	1.166e-01	-1.629e-02	-2.529e-02	-5.300e-03	7.536e-01	2.952e-01	4.827e-02	5.078e-02	1.473e-03	4.827e-02
36	8.231e-03	6.093e-02	7.471e-02	9.517e-02	1.168e-01	-2.190e-02	-2.180e-02	-4.764e-03	7.684e-01	2.950e-01	4.938e-02	5.200e-02	1.465e-03	4.939e-02
36	1.028e-02	7.000e-02	7.631e-02	9.241e-02	1.161e-01	-1.142e-02	-1.961e-02	-4.813e-03	7.694e-01	2.976e-01	4.946e-02	5.204e-02	1.455e-03	4.946e-02
36	1.406e-02	6.717e-02	7.395e-02	9.450e-02	1.359e-01	-5.370e-03	-2.011e-02	-6.210e-03	7.577e-01	2.950e-01	4.872e-02	5.132e-02	1.482e-03	4.871e-02
36	1.008e-02	6.020e-02	7.518e-02	9.511e-02	1.263e-01	-2.031e-02	-2.388e-02	-5.310e-03	7.520e-01	2.966e-01	4.797e-02	5.054e-02	1.493e-03	4.794e-02
36	9.950e-03	6.457e-02	8.060e-02	1.000e-01	1.174e-01	-1.075e-02	-1.219e-02	-5.737e-03	7.663e-01	2.939e-01	5.029e-02	5.302e-02	1.450e-03	4.913e-02
37	1.141e-02	6.465e-02	7.829e-02	9.986e-02	1.178e-01	-2.618e-03	-8.590e-03	-4.928e-03	7.740e-01	2.960e-01	4.917e-02	5.182e-02	1.399e-03	3.784e-02
37	1.125e-02	7.000e-02	7.630e-02	9.270e-02	1.229e-01	-8.690e-03	-1.631e-02	-5.136e-03	7.692e-01	2.996e-01	4.931e-02	5.190e-02	1.451e-03	4.837e-02
37	8.413e-03	7.000e-02	7.421e-02	9.636e-02	1.213e-01	-1.153e-02	-9.706e-03	-5.339e-03	7.665e-01	2.966e-01	4.932e-02	5.199e-02	1.423e-03	4.282e-02
37	1.108e-02	6.063e-02	7.530e-02	9.400e-02	1.238e-01	-2.092e-02	-2.478e-02	-5.489e-03	7.628e-01	2.943e-01	4.760e-02	5.010e-02	1.496e-03	4.759e-02
37	1.251e-02	6.784e-02	8.349e-02	9.800e-02	1.266e-01	-1.112e-02	-8.539e-03	-6.150e-03	7.667e-01	2.951e-01	4.824e-02	5.109e-02	1.478e-03	4.818e-02
37	1.037e-02	6.925e-02	7.852e-02	9.429e-02	1.155e-01	-5.376e-03	-2.373e-02	-4.291e-03	7.693e-01	2.978e-01	4.869e-02	5.130e-02	1.466e-03	4.871e-02
37	8.271e-03	6.373e-02	8.001e-02	9.913e-02	1.079e-01	-1.475e-02	-1.305e-02	-5.060e-03	7.805e-01	2.945e-01	4.853e-02	5.120e-02	1.432e-03	4.384e-02
37	7.441e-03	5.067e-02	7.638e-02	9.417e-02	1.060e-01	-3.201e-02	-1.843e-02	-5.140e-03	7.808e-01	2.951e-01	4.749e-02	4.997e-02	1.425e-03	4.150e-02
38	1.417e-02	6.402e-02	8.095e-02	9.755e-02	1.369e-01	0.000e+00	-1.138e-02	-6.412e-03	7.716e-01	2.973e-01	4.812e-02	5.088e-02	1.458e-03	4.814e-02
38	1.122e-02	6.919e-02	7.984e-02	9.536e-02	1.126e-01	-6.723e-03	-2.184e-02	-4.946e-03	7.589e-01	2.973e-01	4.908e-02	5.187e-02	1.470e-03	4.907e-02
38	1.200e-02	6.753e-02	7.864e-02	9.705e-02	1.208e-01	-4.825e-03	-8.788e-03	-5.621e-03	7.706e-01	2.969e-01	4.909e-02	5.192e-02	1.418e-03	4.158e-02
38	1.283e-02	7.000e-02	8.275e-02	9.540e-02	1.236e-01	-4.911e-03	-1.490e-02	-5.693e-03	7.711e-01	2.936e-01	4.941e-02	5.243e-02	1.476e-03	4.947e-02
38	1.358e-02	7.000e-02	7.236e-02	9.397e-02	1.229e-01	-4.075e-03	-2.121e-02	-4.461e-03	7.697e-01	2.953e-01	4.870e-02	5.123e-02	1.447e-03	4.699e-02
38	1.195e-02	6.343e-02	7.740e-02	9.513e-02	1.207e-01	-6.528e-03	-1.913e-02	-4.766e-03	7.694e-01	2.974e-01	4.942e-02	5.212e-02	1.441e-03	4.657e-02
38	1.026e-02	6.640e-02	8.279e-02	9.768e-02	1.262e-01	-7.424e-03	-1.573e-02	-4.641e-03	7.699e-01	3.000e-01	4.963e-02	5.250e-02	1.481e-03	4.965e-02
38	8.884e-03	6.553e-02	7.915e-02	9.705e-02	1.213e-01	-1.157e-02	-1.582e-02	-4.812e-03	7.648e-01	2.987e-01	5.002e-02	5.279e-02	1.457e-03	4.998e-02
39	1.563e-02	6.374e-02	8.646e-02	9.822e-02	1.296e-01	0.000e+00	-1.994e-02	-5.288e-03	7.681e-01	2.937e-01	4.834e-02	5.124e-02	1.506e-03	4.836e-02
39	1.058e-02	6.236e-02	7.970e-02	9.591e-02	1.190e-01	-1.139e-02	-1.863e-02	-3.778e-03	7.717e-01	2.972e-01	4.899e-02	5.165e-02	1.453e-03	4.849e-02
39	1.108e-02	7.000e-02	7.483e-02	9.496e-02	1.217e-01	-6.827e-03	-2.064e-02	-4.698e-03	7.594e-01	2.999e-01	4.955e-02	5.212e-02	1.463e-03	4.953e-02
39	9.858e-03	7.000e-02	7.601e-02	9.715e-02	1.203e-01	-5.908e-03	-1.202e-02	-4.292e-03	7.682e-01	3.000e-01	4.956e-02	5.220e-02	1.424e-03	4.322e-02
39	1.297e-02	6.939e-02	8.279e-02	9.502e-02	1.287e-01	0.000e+00	-2.134e-02	-5.042e-03	7.683e-01	3.000e-01	4.879e-02	5.155e-02	1.498e-03	4.880e-02
39	1.233e-02	5.947e-02	7.736e-02	9.731e-02	1.202e-01	-9.866e-03	-2.379e-02	-5.875e-03	7.603e-01	2.955e-01	4.854e-02	5.116e-02	1.471e-03	4.851e-02
39	9.678e-03	6.496e-02	8.556e-02	9.813e-02	1.252e-01	-3.337e-03	-1.627e-02	-4.758e-03	7.721e-01	2.959e-01	4.963e-02	5.255e-02	1.474e-03	4.961e-02
39	1.406e-02	6.038e-02	8.099e-02	9.661e-02	1.257e-01	-9.572e-04	-2.108e-02	-5.587e-03	7.658e-01	2.964e-01	4.964e-02	5.346e-02	1.463e-03	4.956e-02
40	1.215e-02	7.000e-02	7.979e-02	9.325e-02	1.262e-01	-6.642e-04	-2.514e-02	-4.761e-03	7.677e-01	2.988e-01	4.936e-02	5.216e-02	1.493e-03	4.929e-02
40	9.497e-03	6.037e-02	7.849e-02	9.502e-02	1.189e-01	-1.860e-02	-2.881e-02	-4.828e-03	7.616e-01	2.982e-01	4.884e-02	5.152e-02	1.509e-03	4.883e-02
40	1.172e-02	6.209e-02	8.116e-02	9.348e-02	1.211e-01	-7.790e-03	-2.546e-02	-4.806e-03	7.659e-01	2.979e-01	5.081e-02	5.366e-02	1.483e-03	5.079e-02
40	9.222e-03	7.000e-02	8.310e-02	9.650e-02	1.281e-01	-5.263e-03	-1.578e-02	-5.056e-03	7.672e-01	2.979e-01	4.879e-02	5.151e-02	1.486e-03	4.879e-02
40	1.064e-02	6.799e-02	7.726e-02	9.647e-02	1.174e-01	-1.369e-03	-1.755e-02	-5.042e-03	7.643e-01	2.988e-01	4.964e-02	5.228e-02	1.429e-03	4.435e-02
40	1.416e-02	6.217e-02	8.621e-02	9.781e-02	1.334e-01	-3.762e-04	-1.996e-02	-5.084e-03	7.662e-01	2.996e-01	4.913e-02	5.295e-02	1.505e-03	4.863e-02
40	1.413e-02	6.921e-02	8.575e-02	9.666e-02	1.218e-01	0.000e+00	-1.958e-02	-5.937e-03	7.638e-01	2.960e-01	4.743e-02	5.030e-02	1.497e-03	4.740e-02
40	1.259e-02	6.535e-02	7.961e-02	9.341e-02	1.267e-01	0.000e+00	-2.816e-02	-5.494e-03	7.652e-01	2.958e-01	4.828e-02	5.081e-02	1.490e-03	4.826e-02
41	9.692e-03	7.000e-02	7.974e-02	9.523e-02	1.134e-01	-8.806e-03	-2.172e-02	-4.836e-03	7.623e-01	2.969e-01	4.833e-02	5.099e-02	1.472e-03	4.832e-02
41	1.328e-02	5.864e-02	7.528e-02	9.212e-02	1.300e-01	0.000e+00	-3.078e-02	-4.917e-03	7.710e-01	2.987e-01	4.818e-02	5.069e-02	1.464e-03	4.816e-02
41	1.306e-02	6.625e-02	7.866e-02	9.225e-02	1.275e-01	-1.009e-02	-2.225e-02	-5.640e-03	7.687e-01	2.964e-01	4.894e-02	5.150e-02	1.494e-03	4.890e-02
41	1.498e-02	6.750e-02	8.259e-02	9.299e-02	1.302e-01	-4.839e-03	-2.209e-02	-4.941e-03	7.711e-01	2.951e-01	4.831e-02	5.101e-02	1.508e-03	4.830e-02
41	1.278e-02	6.386e-02	8.420e-02	9.365e-02	1.237e-01	0.000e+00	-2.354e-02	-4.905e-03	7.699e-01	2.997e-01	4.844e-02	5.118e-02	1.478e-03	4.845e-02
41	9.520e-03	6.592e-02	7.739e-02	9.531e-02	1.165e-01	-3.074e-03	-2.564e-02	-4.525e-03	7.615e-01	3.000e-01	4.995e-02	5.270e-02	1.455e-03	4.991e-02
41	9.421e-03	6.518e-02	8.429e-02	9.722e-02	1.227e-01	-1.155e-02	-1.884e-02	-4.976e-03	7.624e-01	2.983e-01	4.819e-02	5.097e-02	1.497e-03	4.821e-02
41	1.082e-02	6.826e-02	7.947e-02	9.138e-02	1.244e-01	-4.584e-03	-2.556e-02	-4.567e-03	7.741e-01	2.975e-01	4.959e-02	5.230e-02	1.486e-03	4.959e-02
42	1.180e-02	5.623e-02	8.114e-02	9.763e-02	1.251e-01	-1.251e-02	-2.705e-02	-4.407e-03	7.635e-01	2.966e-01	4.814e-02	5.085e-02	1.504e-03	4.813e-02
42	8.462e-03	7.000e-02	8.350e-02	9.618e-02	1.229e-01	-5.724e-04	-1.727e-02	-4.707e-03	7.704e-01	2.994e-01	4.864e-02	5.139e-02	1.466e-03	4.863e-02
42	1.211e-02	6.537e-02	7.526e-02	9.374e-02	1.310e-01	-6.995e-03	-2.501e-02	-4.452e-03	7.690e-01	3.000e-01	5.041e-02	5.303e-02	1.486e-03	5.038e-02
42	1.184e-02	7.000e-02	7.832e-02	9.508e-02	1.244e-01	-1.946e-03	-2.148e-02	-4.636e-03	7.686e-01	2.977e-01	4.940e-02	5.204e-02	1.473e-03	4.936e-02
42	1.165e-02	6.929e-02	7.079e-02	9.199e-02	1.246e-01	0.000e+00	-2.673e-02	-4.188e-03	7.706e-01	3.000e-01	4.992e-02	5.241e-02	1.444e-03	4.766e-02
42	1.008e-02	7.000e-02	7.934e-02	9.394e-02	1.194e-01	0.000e+00	-2.063e-02	-4.919e-03	7.675e-01	2.990e-01	4.957e-02	5.253e-02	1.449e-03	4.814e-02
42	9.711e-03	6.057e-02	8.054e-02	9.577e-02	1.221e-01	0.000e+00	-2.789e-02	-4.519e-03	7.653e-01	3.000e-01	5.023e-02	5.298e-02	1.465e-03	5.022e-02
42	1.220e-02	7.000e-02	7.848e-02	9.165e-02	1.236e-01	0.000e+00	-2.438e-02	-4.576e-03	7.699e-01	2.997e-01	4.942e-02	5.205e-02	1.469e-03	4.939e-02
43	1.058e-02	6.445e-02	7.810e-02	9.672e-02	1.266e-01	-1.367e-03	-2.183e-02	-4.394e-03	7.701e-01	3.000e-01	4.905e-02	5.194e-02	1.460e-03	4.903e-02
43	1.054e-02	5.410e-02	7.840e-02	9.731e-02	1.333e-01	-2.422e-03	-3.033e-02	-4.360e-03	7.677e-01	3.000e-01	4.862e-02	5.138e-02	1.485e-03	4.864e-02
43	8.841e-03	6.455e-02	7.473e-02	9.140e-02	1.189e-01	-1.194e-02	-2.952e-02	-4.250e-03	7.657e-01	3.000e-01	4.969e-02	5.238e-02	1.476e-03	4.970e-02
43	1.274e-02	6.971e-02	7.585e-02	9.087e-02	1.272e-01	-4.659e-03	-2.910e-02	-5.039e-03	7.604e-01	3.000e-01	4.851e-02	5.129e-02	1.501e-03	4.850e-02
43	1.262e-02	6.497e-02	7.876e-02	9.507e-02	1.362e-01	-3.160e-03	-2.322e-02	-4.441e-03	7.726e-01	3.000e-01	4.923e-02	5.209e-02	1.498e-03	4.927e-02
43	1.036e-02	7.000e-02	7.612e-02	9.172e-02	1.191e-01	-1.298e-03	-2.592e-02	-4.006e-03	7.662e-01	3.000e-01	4.933e-02	5.188e-02	1.455e-03	4.924e-02
43	1.466e-02	5.713e-02	8.372e-02	9.456e-02	1.301e-01	0.000e+00	-2.935e-02	-4.695e-03	7.657e-01	3.000e-01	4.898e-02	5.183e-02	1.500e-03	4.901e-02
43	1.273e-02	6.253e-02	7.991e-02	9.683e-02	1.236e-01	0.000e+00	-2.252e-02	-4.732e-03	7.705e-01	2.976e-01	4.874e-02	5.142e-02	1.459e-03	4.870e-02
44	1.014e-02	6.203e-02	7.530e-02	9.685e-02	1.284e-01	-6.139e-03	-2.096e-02	-4.130e-03	7.726e-01	3.000e-01	5.059e-02	5.331e-02	1.453e-03	5.012e-02
44	1.127e-02	6.775e-02	7.407e-02	9.107e-02	1.248e-01	-1.161e-02	-3.188e-02	-4.171e-03	7.606e-01	2.985e-01	4.828e-02	5.078e-02	1.509e-03	4.829e-02
44	9.467e-03	6.195e-02	7.345e-02	9.448e-02	1.208e-01	-1.002e-02	-2.835e-02	-4.182e-03	7.643e-01	2.984e-01	5.018e-02	5.278e-02	1.463e-03	5.018e-02
44	9.780e-03	6.251e-02	7.386e-02	9.044e-02	1.211e-01	-1.267e-02	-3.527e-02	-3.913e-03	7.635e-01	3.000e-01	4.933e-02	5.193e-02	1.494e-03	4.938e-02
44	8.913e-03	6.383e-02	7.443e-02	9.271e-02	1.174e-01	-2.635e-03	-3.018e-02	-3.781e-03	7.681e-01	3.000e-01	4.907e-02	5.161e-02	1.445e-03	4.695e-02
44	1.129e-02	6.841e-02	7.493e-02	9.098e-02	1.240e-01	-1.338e-02	-2.670e-02	-4.375e-03	7.605e-01	3.000e-01	4.870e-02	5.126e-02	1.495e-03	4.870e-02
44	1.153e-02	6.528e-02	7.422e-02	9.355e-02	1.234e-01	-1.212e-02	-2.253e-02	-4.657e-03	7.681e-01	2.998e-01	4.900e-02	5.161e-02	1.468e-03	4.895e-02
44	1.269e-02	6.491e-02	7.701e-02	9.104e-02	1.279e-01	-3.515e-03	-2.747e-02	-4.198e-03	7.751e-01	2.999e-01	4.932e-02	5.233e-02	1.476e-03	4.945e-02
45	7.061e-03	6.607e-02	7.564e-02	9.476e-02	1.152e-01	-1.410e-02	-2.203e-02	-4.373e-03	7.636e-01	2.989e-01	4.870e-02	5.131e-02	1.455e-03	4.863e-02
45	8.366e-03	6.130e-02	7.140e-02	9.078e-02	1.179e-01	-1.587e-02	-3.368e-02	-3.628e-03	7.683e-01	2.984e-01	4.815e-02	5.041e-02	1.472e-03	4.816e-02
45	1.183e-02	6.022e-02	7.423e-02	9.546e-02	1.279e-01	-9.844e-03	-2.250e-02	-4.643e-03	7.717e-01	2.986e-01	4.933e-02	5.189e-02	1.459e-03	4.932e-02
45	8.016e-03	6.124e-02	7.198e-02	9.336e-02	1.157e-01	-9.143e-03	-3.317e-02	-3.584e-03	7.665e-01	3.000e-01	4.951e-02	5.206e-02	1.456e-03	4.955e-02
45	1.181e-02	6.857e-02	7.683e-02	9.587e-02	1.284e-01	0.000e+00	-1.716e-02	-4.757e-03	7.739e-01	3.000e-01	4.994e-02	5.266e-02	1.449e-03	4.871e-02
45	1.073e-02	6.252e-02	7.296e-02	9.299e-02	1.264e-01	-8.567e-03	-2.972e-02	-4.225e-03	7.675e-01	2.980e-01	5.038e-02	5.295e-02	1.476e-03	5.038e-02
45	8.298e-03	6.515e-02	7.837e-02	9.384e-02	1.204e-01	-8.614e-03	-2.669e-02	-3.761e-03	7.717e-01	2.981e-01	4.931e-02	5.217e-02	1.478e-03	4.943e-02
45	9.492e-03	6.133e-02	7.608e-02	9.635e-02	1.206e-01	-6.335e-03	-2.419e-02	-4.096e-03	7.663e-01	2.997e-01	5.066e-02	5.336e-02	1.449e-03	4.939e-02
46	1.004e-02	5.760e-02	7.303e-02	9.569e-02	1.276e-01	-8.508e-03	-3.004e-02	-4.015e-03	7.677e-01	2.987e-01	5.047e-02	5.326e-02	1.470e-03	5.055e-02
46	9.992e-03	5.845e-02	7.564e-02	9.301e-02	1.248e-01	-1.122e-02	-3.752e-02	-4.034e-03	7.630e-01	2.980e-01	4.985e-02	5.248e-02	1.511e-03	4.985e-02
46	6.428e-03	6.460e-02	6.992e-02	9.219e-02	1.094e-01	-1.545e-02	-3.167e-02	-3.998e-03	7.604e-01	2.971e-01	4.889e-02	5.124e-02	1.449e-03	4.768e-02
46	1.140e-02	6.688e-02	7.967e-02	9.480e-02	1.241e-01	-2.507e-03	-2.495e-02	-4.086e-03	7.711e-01	2.969e-01	4.913e-02	5.175e-02	1.482e-03	4.909e-02
46	1.082e-02	6.200e-02	7.654e-02	9.219e-02	1.267e-01	-8.464e-03	-2.991e-02	-4.284e-03	7.703e-01	2.988e-01	4.904e-02	5.167e-02	1.489e-03	4.897e-02
46	1.059e-02	6.099e-02	7.725e-02	9.412e-02	1.262e-01	-3.644e-03	-3.188e-02	-3.898e-03	7.701e-01	2.982e-01	4.920e-02	5.182e-02	1.486e-03	4.919e-02
46	1.028e-02	6.420e-02	7.508e-02	9.162e-02	1.262e-01	-8.867e-03	-3.464e-02	-3.747e-03	7.666e-01	2.960e-01	4.826e-02	5.089e-02	1.507e-03	4.828e-02
46	9.160e-03	5.673e-02	7.352e-02	9.748e-02	1.228e-01	-9.745e-03	-3.101e-02	-3.682e-03	7.658e-01	2.970e-01	5.034e-02	5.293e-02	1.469e-03	5.032e-02
47	9.999e-03	5.972e-02	6.733e-02	9.292e-02	1.271e-01	-7.909e-03	-3.579e-02	-3.580e-03	7.658e-01	2.984e-01	5.007e-02	5.272e-02	1.465e-03	5.009e-02
47	9.611e-03	5.722e-02	7.672e-02	9.681e-02	1.258e-01	-1.358e-03	-3.238e-02	-3.632e-03	7.697e-01	2.997e-01	4.902e-02	5.168e-02	1.471e-03	4.901e-02
47	9.668e-03	6.008e-02	7.531e-02	9.712e-02	1.266e-01	-8.947e-03	-2.798e-02	-3.486e-03	7.696e-01	2.983e-01	4.924e-02	5.220e-02	1.480e-03	4.941e-02
47	8.300e-03	5.237e-02	7.181e-02	9.505e-02	1.222e-01	-1.270e-02	-4.013e-02	-3.718e-03	7.611e-01	2.992e-01	4.838e-02	5.103e-02	1.486e-03	4.832e-02
47	1.190e-02	6.042e-02	7.386e-02	9.441e-02	1.290e-01	-7.134e-03	-3.231e-02	-4.055e-03	7.663e-01	2.976e-01	4.968e-02	5.225e-02	1.493e-03	4.966e-02
47	8.267e-03	5.901e-02	7.459e-02	9.643e-02	1.209e-01	-9.100e-03	-2.913e-02	-3.579e-03	7.704e-01	2.982e-01	4.889e-02	5.143e-02	1.461e-03	4.888e-02
47	8.348e-03	5.726e-02	8.007e-02	9.871e-02	1.222e-01	-9.481e-03	-2.758e-02	-4.251e-03	7.638e-01	2.968e-01	4.863e-02	5.134e-02	1.485e-03	4.861e-02
47	1.075e-02	6.173e-02	7.174e-02	9.317e-02	1.302e-01	-9.181e-03	-3.155e-02	-3.884e-03	7.682e-01	2.997e-01	4.960e-02	5.212e-02	1.486e-03	4.956e-02
48	8.843e-03	5.484e-02	6.695e-02	9.462e-02	1.256e-01	-8.321e-03	-3.860e-02	-2.941e-03	7.661e-01	2.995e-01	4.947e-02	5.196e-02	1.458e-03	4.951e-02
48	9.999e-03	6.035e-02	6.865e-02	8.982e-02	1.253e-01	-1.163e-02	-3.970e-02	-3.504e-03	7.671e-01	2.991e-01	4.914e-02	5.157e-02	1.486e-03	4.917e-02
48	1.115e-02	5.830e-02	6.669e-02	9.425e-02	1.260e-01	-7.796e-03	-3.694e-02	-3.538e-03	7.616e-01	2.981e-01	4.885e-02	5.134e-02	1.464e-03	4.883e-02
48	8.952e-03	6.629e-02	6.741e-02	9.088e-02	1.231e-01	-6.332e-03	-3.015e-02	-3.395e-03	7.707e-01	3.000e-01	5.027e-02	5.264e-02	1.438e-03	4.680e-02
48	1.190e-02	6.364e-02	7.057e-02	8.985e-02	1.272e-01	-4.492e-03	-3.697e-02	-3.857e-03	7.663e-01	2.981e-01	4.877e-02	5.122e-02	1.483e-03	4.878e-02
48	9.260e-03	6.026e-02	6.902e-02	9.299e-02	1.244e-01	-1.021e-02	-3.339e-02	-3.460e-03	7.697e-01	2.979e-01	5.077e-02	5.337e-02	1.462e-03	5.077e-02
48	1.128e-02	6.215e-02	6.955e-02	9.405e-02	1.240e-01	-5.179e-03	-3.162e-02	-4.118e-03	7.629e-01	2.980e-01	5.026e-02	5.298e-02	1.455e-03	5.030e-02
48	9.428e-03	6.002e-02	6.675e-02	9.530e-02	1.255e-01	-1.144e-02	-2.941e-02	-3.667e-03	7.672e-01	2.978e-01	4.893e-02	5.136e-02	1.446e-03	4.700e-02
49	1.099e-02	6.316e-02	5.997e-02	8.931e-02	1.336e-01	-6.172e-03	-3.820e-02	-3.269e-03	7.704e-01	2.983e-01	4.930e-02	5.279e-02	1.452e-03	4.851e-02
49	1.273e-02	5.783e-02	7.179e-02	9.511e-02	1.294e-01	-5.561e-03	-3.300e-02	-3.962e-03	7.663e-01	2.983e-01	4.941e-02	5.194e-02	1.477e-03	4.939e-02
49	1.242e-02	6.231e-02	6.444e-02	9.157e-02	1.374e-01	-6.333e-03	-3.394e-02	-3.616e-03	7.716e-01	2.982e-01	4.942e-02	5.217e-02	1.470e-03	4.927e-02
49	9.218e-03	6.652e-02	6.791e-02	9.222e-02	1.250e-01	-4.342e-03	-2.973e-02	-2.956e-03	7.734e-01	3.000e-01	5.243e-02	5.503e-02	1.442e-03	4.973e-02
49	1.208e-02	6.442e-02	7.371e-02	9.343e-02	1.271e-01	-4.179e-03	-2.850e-02	-4.233e-03	7.666e-01	2.980e-01	4.910e-02	5.161e-02	1.472e-03	4.908e-02
49	1.014e-02	5.771e-02	8.042e-02	9.987e-02	1.256e-01	-3.966e-03	-2.741e-02	-3.924e-03	7.671e-01	2.976e-01	4.824e-02	5.098e-02	1.484e-03	4.824e-02
49	1.084e-02	6.135e-02	7.386e-02	9.460e-02	1.248e-01	-7.332e-03	-3.107e-02	-4.020e-03	7.650e-01	2.973e-01	4.914e-02	5.166e-02	1.477e-03	4.914e-02
49	8.019e-03	5.975e-02	6.367e-02	9.282e-02	1.172e-01	-1.168e-02	-3.372e-02	-3.423e-03	7.634e-01	2.990e-01	4.955e-02	5.202e-02	1.422e-03	4.294e-02
