Index	edge	1	2	3	4	5	6	7	8	9	finesse_moy	finesse_max	Area	Reward
0	1.394e-02	3.095e-02	8.918e-02	8.898e-02	9.003e-02	-5.079e-02	-7.240e-02	-3.427e-02	7.686e-01	-5.661e-03	2.752e-03	2.763e-03	3.692e-03	2.752e-03
0	2.099e-02	2.034e-02	2.418e-02	5.910e-02	4.441e-02	-6.011e-02	-5.777e-02	-3.520e-02	6.646e-01	-2.663e-02	-2.767e-03	-2.758e-03	2.486e-03	-1.301e-01
0	3.064e-02	2.439e-02	7.902e-02	8.079e-03	1.039e-01	-6.267e-02	-6.847e-02	-4.230e-02	7.633e-01	-4.307e-02	6.179e-03	6.203e-03	3.157e-03	6.180e-03
0	3.156e-02	3.947e-02	4.096e-02	9.416e-02	3.620e-02	-6.535e-02	-5.551e-02	-3.255e-02	6.375e-01	-2.574e-02	-4.776e-04	-4.322e-04	3.058e-03	-1.347e-02
0	1.998e-02	1.041e-02	8.819e-02	9.696e-02	4.907e-02	-2.449e-02	-8.050e-02	-1.930e-02	6.081e-01	-2.959e-02	2.471e-03	2.488e-03	3.163e-03	2.474e-03
0	2.996e-02	3.264e-02	1.016e-01	6.183e-02	5.582e-02	-6.344e-02	-5.828e-02	-8.281e-03	4.671e-01	-1.444e-02	-4.298e-03	-4.244e-03	3.206e-03	-4.299e-03
0	2.117e-02	2.269e-02	0.000e+00	8.924e-02	5.233e-02	-3.807e-03	-8.387e-02	-2.343e-02	4.842e-01	-5.077e-02	5.213e-03	5.270e-03	2.304e-03	-1.585e-01
0	4.121e-02	3.417e-02	5.989e-02	9.282e-02	6.879e-02	-5.881e-02	-8.676e-02	-1.000e-01	7.860e-01	-9.954e-02	1.961e-02	1.964e-02	4.275e-03	-7.201e-02
1	1.143e-02	2.674e-02	5.229e-02	3.937e-02	2.693e-02	-6.836e-02	-7.008e-02	-1.674e-02	7.448e-01	-3.562e-02	-6.677e-03	-6.668e-03	2.521e-03	-1.271e-01
1	1.933e-02	1.425e-02	5.330e-02	8.800e-02	8.301e-02	-1.975e-02	-6.196e-02	-1.273e-02	3.660e-01	-4.548e-02	4.580e-03	4.587e-03	2.654e-03	-8.916e-02
1	2.144e-02	2.748e-02	6.489e-02	8.655e-02	8.564e-02	-5.467e-02	-7.080e-02	-2.836e-02	7.541e-01	-1.388e-02	3.963e-03	3.996e-03	3.371e-03	3.965e-03
1	1.745e-02	1.564e-02	5.046e-02	8.347e-02	1.213e-01	-8.000e-02	-7.226e-02	-7.360e-03	4.502e-01	-6.537e-02	1.630e-03	1.674e-03	3.220e-03	1.618e-03
1	2.300e-02	1.187e-02	6.770e-02	8.935e-02	7.797e-02	-3.936e-02	-8.231e-02	-5.138e-02	7.725e-01	-1.893e-02	6.885e-03	6.896e-03	3.511e-03	6.884e-03
1	1.645e-02	4.939e-02	8.415e-02	4.847e-02	4.421e-02	-6.654e-02	-7.348e-02	-2.011e-02	7.489e-01	-5.298e-02	-3.631e-03	-3.620e-03	3.218e-03	-3.633e-03
1	2.631e-02	5.610e-02	5.347e-02	9.252e-02	6.162e-02	-4.771e-02	-7.295e-02	-5.165e-02	7.553e-01	8.297e-02	-8.201e-04	-8.062e-04	3.719e-03	-8.150e-04
1	3.054e-02	2.907e-02	4.073e-02	8.765e-02	1.336e-01	-5.692e-02	-5.690e-02	-2.383e-02	6.043e-01	-4.342e-02	-4.466e-03	-4.446e-03	3.234e-03	-4.462e-03
2	1.798e-02	1.589e-02	7.099e-02	7.385e-02	5.505e-02	-6.061e-02	-8.460e-02	-1.163e-02	6.191e-01	-7.817e-03	-1.371e-04	-1.338e-04	3.106e-03	-3.598e-03
2	2.161e-02	2.364e-02	3.026e-02	6.863e-02	1.061e-01	-7.308e-02	-4.992e-02	-3.998e-02	5.678e-01	-6.314e-02	4.483e-03	4.531e-03	2.968e-03	-2.658e-02
2	1.565e-02	2.910e-02	6.986e-02	7.780e-02	8.964e-02	-3.959e-02	-9.445e-02	-1.720e-02	7.663e-01	-4.366e-02	8.092e-03	8.107e-03	3.365e-03	8.096e-03
2	2.311e-02	3.236e-02	8.340e-02	9.170e-02	7.522e-02	-7.590e-02	-6.872e-02	-3.788e-02	5.439e-01	-7.475e-02	3.106e-03	3.126e-03	3.771e-03	3.107e-03
2	2.649e-02	1.487e-02	7.335e-02	7.725e-02	6.796e-02	-6.281e-02	-6.896e-02	-1.660e-02	5.355e-01	1.047e-02	1.097e-03	1.114e-03	3.157e-03	1.093e-03
2	2.429e-02	3.270e-02	8.776e-02	8.827e-02	9.312e-02	-6.404e-02	-7.634e-02	-4.193e-02	6.399e-01	1.508e-02	6.401e-04	6.498e-04	3.966e-03	-2.923e-02
2	1.844e-02	4.237e-02	9.350e-02	8.927e-02	8.270e-02	-6.542e-02	-7.209e-02	-2.926e-02	7.669e-01	7.363e-02	-5.327e-03	-5.317e-03	3.915e-03	-2.494e-02
2	2.179e-02	3.861e-02	3.962e-02	8.788e-02	9.013e-02	-6.553e-02	-6.958e-02	-6.533e-02	5.757e-01	9.625e-03	5.024e-03	5.048e-03	3.694e-03	5.022e-03
3	2.676e-02	3.514e-02	5.871e-02	8.975e-02	6.707e-02	-6.306e-02	-7.841e-02	-2.089e-02	5.245e-01	-3.609e-02	1.427e-03	1.440e-03	3.384e-03	1.426e-03
3	2.294e-02	1.479e-02	7.419e-02	9.103e-02	8.789e-02	-5.138e-02	-8.684e-02	-3.315e-02	7.482e-01	2.853e-02	1.899e-03	1.906e-03	3.634e-03	1.898e-03
3	2.371e-02	3.347e-02	8.387e-02	9.440e-02	8.284e-02	-6.342e-02	-7.538e-02	-6.766e-02	6.531e-01	-4.902e-03	3.967e-03	3.981e-03	4.162e-03	-6.512e-02
3	2.823e-02	2.849e-02	8.654e-02	9.465e-02	9.567e-02	-5.995e-02	-7.920e-02	-4.844e-02	6.982e-01	-5.241e-02	7.789e-03	7.906e-03	4.021e-03	-3.301e-02
3	2.073e-02	1.898e-02	7.446e-02	6.019e-02	3.338e-02	-5.747e-02	-7.557e-02	-2.379e-02	6.525e-01	-5.964e-03	-1.990e-03	-1.981e-03	2.979e-03	-3.084e-02
3	1.857e-02	1.922e-02	8.871e-02	8.947e-02	1.448e-01	-6.089e-02	-9.260e-02	-2.381e-02	6.002e-01	2.799e-02	-3.680e-03	-3.661e-03	4.067e-03	-5.374e-02
3	1.887e-02	2.146e-02	6.250e-02	6.215e-02	6.731e-02	-5.094e-02	-6.976e-02	-2.135e-02	6.828e-01	-8.035e-03	1.524e-03	1.528e-03	2.918e-03	-3.954e-02
3	2.847e-02	1.103e-02	6.407e-02	9.622e-02	3.670e-02	-7.421e-02	-8.803e-02	-1.606e-02	5.213e-01	-3.234e-02	3.487e-05	4.361e-05	3.292e-03	3.262e-05
4	3.069e-02	1.075e-02	5.555e-02	9.405e-02	5.213e-02	-7.470e-02	-7.378e-02	-2.341e-02	5.166e-01	2.941e-02	-5.360e-04	-5.241e-04	3.236e-03	-5.385e-04
4	2.685e-02	1.805e-02	6.253e-02	9.419e-02	4.070e-02	-5.879e-02	-9.264e-02	-2.321e-02	7.472e-01	-3.510e-02	2.042e-03	2.048e-03	3.335e-03	2.039e-03
4	2.127e-02	2.532e-02	6.014e-02	8.917e-02	1.263e-01	-8.000e-02	-8.332e-02	-2.654e-02	7.604e-01	4.196e-02	-1.097e-03	-1.070e-03	3.839e-03	-5.573e-03
4	2.159e-02	7.654e-03	6.090e-02	9.764e-02	6.257e-02	-5.868e-02	-8.391e-02	-3.315e-03	4.134e-01	-4.220e-02	2.541e-03	2.553e-03	3.060e-03	-1.010e-02
4	3.579e-02	2.484e-02	8.744e-02	9.060e-02	6.939e-02	-5.935e-02	-8.277e-02	-2.098e-02	7.564e-01	7.716e-02	-5.706e-03	-5.697e-03	3.734e-03	-5.703e-03
4	2.223e-02	3.269e-02	8.646e-02	8.469e-02	3.733e-02	-7.657e-02	-8.482e-02	-2.375e-02	7.499e-01	2.314e-02	-6.354e-03	-6.341e-03	3.657e-03	-6.359e-03
4	2.014e-02	0.000e+00	7.509e-02	9.974e-02	6.190e-02	-5.642e-02	-9.881e-02	-1.108e-02	6.395e-01	-5.791e-02	7.369e-03	7.383e-03	3.342e-03	7.371e-03
4	3.004e-02	1.536e-02	9.205e-02	9.157e-02	4.083e-02	-5.405e-02	-8.692e-02	-2.622e-02	3.727e-01	1.263e-01	-1.040e-02	-1.038e-02	3.611e-03	-1.039e-02
5	2.240e-02	1.886e-02	6.985e-02	9.351e-02	5.294e-02	-4.606e-02	-8.343e-02	0.000e+00	6.528e-01	-4.760e-02	2.237e-03	2.255e-03	3.025e-03	-1.736e-02
5	1.755e-02	1.452e-02	4.765e-02	9.234e-02	5.148e-02	-3.445e-02	-7.466e-02	-1.011e-02	7.475e-01	-4.177e-02	2.549e-03	2.561e-03	2.675e-03	-8.712e-02
5	2.801e-02	1.358e-02	7.589e-02	9.794e-02	1.849e-02	-5.922e-02	-9.887e-02	-1.351e-02	7.499e-01	-8.458e-02	5.437e-03	5.447e-03	3.292e-03	5.437e-03
5	4.009e-02	4.529e-03	4.911e-02	9.461e-02	7.891e-02	-3.529e-02	-8.798e-02	-2.868e-02	7.481e-01	-4.074e-02	6.707e-03	6.717e-03	3.183e-03	6.708e-03
5	2.967e-02	8.918e-03	8.314e-02	9.699e-02	7.993e-02	-6.207e-02	-9.757e-02	-8.024e-03	4.776e-01	-1.390e-02	2.540e-03	2.582e-03	3.616e-03	2.537e-03
5	3.262e-02	2.538e-02	5.111e-02	9.405e-02	1.499e-02	-6.773e-02	-1.000e-01	-8.133e-03	6.286e-01	-8.749e-02	3.770e-03	3.776e-03	3.145e-03	3.771e-03
5	2.624e-02	1.012e-02	6.495e-02	8.796e-02	4.712e-02	-5.032e-02	-7.249e-02	-1.476e-02	3.646e-01	-3.290e-02	-1.885e-04	-1.828e-04	2.938e-03	-3.721e-02
5	2.346e-02	1.154e-02	8.720e-02	1.000e-01	3.010e-02	-6.155e-02	-8.558e-02	-2.373e-02	7.480e-01	-6.799e-03	-3.989e-03	-3.960e-03	3.472e-03	-3.994e-03
6	3.545e-02	1.648e-02	6.562e-02	9.984e-02	4.184e-02	-5.629e-02	-1.000e-01	-1.443e-02	7.599e-01	1.895e-02	-1.467e-03	-1.459e-03	3.449e-03	-1.468e-03
6	2.822e-02	3.143e-02	6.794e-02	6.467e-02	4.621e-02	-5.662e-02	-8.150e-02	-1.865e-02	7.951e-01	-2.111e-02	-1.043e-03	-1.026e-03	3.131e-03	-1.039e-03
6	4.783e-02	2.943e-02	8.259e-02	9.527e-02	5.172e-02	-5.906e-02	-9.841e-02	-7.586e-03	6.110e-01	-1.502e-02	7.484e-04	7.652e-04	3.688e-03	7.440e-04
6	2.550e-02	1.197e-02	7.743e-02	8.995e-02	3.618e-02	-6.536e-02	-8.885e-02	-1.895e-02	7.679e-01	-3.155e-02	3.102e-04	3.158e-04	3.335e-03	3.109e-04
6	3.606e-02	0.000e+00	5.755e-02	9.172e-02	0.000e+00	-6.550e-02	-1.000e-01	0.000e+00	4.735e-01	-1.000e-01	3.845e-03	3.864e-03	2.845e-03	-5.181e-02
6	2.310e-02	5.923e-03	5.419e-02	1.000e-01	4.972e-02	-6.857e-02	-1.000e-01	-1.299e-02	3.000e-01	-9.572e-02	7.266e-03	7.289e-03	3.258e-03	7.240e-03
6	2.660e-02	1.726e-02	6.805e-02	9.350e-02	2.826e-02	-1.980e-02	-1.000e-01	-1.277e-02	7.431e-01	-7.109e-02	8.172e-03	8.196e-03	2.998e-03	-1.677e-02
6	2.738e-02	1.772e-02	5.518e-02	9.392e-02	5.113e-02	-4.507e-02	-8.827e-02	-2.833e-02	5.535e-01	-4.050e-02	3.477e-03	3.499e-03	3.227e-03	3.474e-03
7	2.120e-02	3.460e-02	6.397e-02	9.064e-02	4.696e-02	-6.158e-02	-9.563e-02	-9.123e-03	7.576e-01	-4.021e-02	2.808e-03	2.811e-03	3.359e-03	2.809e-03
7	2.528e-02	2.042e-02	7.178e-02	9.162e-02	4.953e-02	-3.110e-02	-9.783e-02	-1.834e-02	5.205e-01	4.897e-02	-1.689e-04	-1.416e-04	3.325e-03	-1.777e-04
7	2.482e-02	2.611e-02	8.120e-02	9.736e-02	6.202e-02	-6.694e-02	-9.842e-02	-2.025e-02	6.542e-01	-3.983e-02	4.400e-03	4.433e-03	3.775e-03	4.414e-03
7	3.099e-02	1.482e-02	5.994e-02	1.000e-01	5.168e-02	-6.055e-02	-1.000e-01	-1.518e-02	5.441e-01	-5.400e-02	5.971e-03	5.989e-03	3.401e-03	5.975e-03
7	3.967e-02	1.622e-03	4.540e-02	9.445e-02	9.363e-02	-6.466e-02	-7.241e-02	-2.547e-02	3.000e-01	-2.596e-02	2.816e-03	2.825e-03	3.216e-03	2.817e-03
7	3.917e-02	2.931e-02	7.688e-02	9.464e-02	5.352e-02	-7.876e-02	-9.153e-02	-1.105e-02	4.316e-01	-1.700e-02	-3.051e-04	-2.792e-04	3.696e-03	-3.046e-04
7	2.594e-02	2.684e-02	5.771e-02	9.287e-02	2.369e-02	-6.470e-02	-8.871e-02	-1.858e-02	3.642e-01	-7.188e-02	3.520e-04	3.721e-04	3.211e-03	3.532e-04
7	3.053e-02	2.024e-02	8.731e-02	9.183e-02	3.500e-02	-6.826e-02	-1.000e-01	-1.779e-02	7.576e-01	-7.557e-02	5.661e-03	5.703e-03	3.616e-03	5.662e-03
8	3.015e-02	2.864e-02	7.611e-02	9.271e-02	3.588e-02	-7.748e-02	-9.620e-02	-5.773e-03	6.199e-01	-4.761e-02	1.984e-03	1.993e-03	3.512e-03	1.983e-03
8	3.295e-02	9.456e-03	9.038e-02	9.868e-02	4.637e-02	-6.546e-02	-9.946e-02	-1.529e-02	4.529e-01	-4.665e-02	4.068e-03	4.078e-03	3.661e-03	4.061e-03
8	2.300e-02	1.118e-02	6.131e-02	8.833e-02	2.182e-02	-6.610e-02	-9.970e-02	-1.124e-02	7.465e-01	-7.985e-02	3.401e-03	3.415e-03	3.091e-03	-3.039e-03
8	2.995e-02	1.946e-02	8.465e-02	1.000e-01	4.034e-02	-5.917e-02	-1.000e-01	-1.957e-02	7.622e-01	-4.637e-02	3.938e-03	3.948e-03	3.648e-03	3.937e-03
8	3.271e-02	2.028e-02	6.684e-02	7.833e-02	6.269e-02	-6.287e-02	-1.000e-01	-1.950e-02	7.515e-01	-7.632e-02	5.996e-03	6.009e-03	3.436e-03	5.995e-03
8	1.885e-02	1.387e-02	9.060e-02	9.742e-02	9.016e-02	-6.264e-02	-1.000e-01	-1.330e-02	7.668e-01	-3.089e-02	4.949e-03	5.018e-03	3.795e-03	4.949e-03
8	3.374e-02	2.583e-02	5.982e-02	9.169e-02	2.693e-02	-6.373e-02	-1.000e-01	-2.100e-02	7.564e-01	-7.643e-02	4.164e-03	4.190e-03	3.372e-03	4.178e-03
8	3.318e-02	2.193e-02	5.419e-02	9.171e-02	5.295e-02	-7.584e-02	-9.115e-02	-1.636e-02	3.173e-01	-7.335e-02	2.694e-03	2.738e-03	3.377e-03	2.685e-03
9	3.780e-02	1.839e-02	8.307e-02	9.408e-02	3.380e-02	-6.386e-02	-1.000e-01	-1.737e-02	4.425e-01	-1.000e-01	7.926e-03	7.931e-03	3.581e-03	7.926e-03
9	3.694e-02	1.944e-02	5.889e-02	8.985e-02	4.266e-02	-5.943e-02	-9.486e-02	-1.047e-02	7.431e-01	-1.000e-01	4.877e-03	4.934e-03	3.182e-03	4.878e-03
9	4.479e-02	2.834e-02	8.682e-02	9.495e-02	5.099e-02	-6.053e-02	-9.826e-02	-1.927e-02	4.706e-01	-6.897e-02	6.102e-03	6.109e-03	3.802e-03	6.104e-03
9	3.512e-02	2.989e-02	7.919e-02	9.269e-02	6.086e-02	-6.380e-02	-9.256e-02	-3.218e-02	6.638e-01	-6.374e-02	5.949e-03	5.954e-03	3.811e-03	5.949e-03
9	2.436e-02	0.000e+00	7.421e-02	9.262e-02	5.342e-02	-6.090e-02	-9.778e-02	-1.258e-02	7.507e-01	-5.090e-02	4.727e-03	4.764e-03	3.291e-03	4.730e-03
9	3.085e-02	1.875e-02	7.659e-02	8.971e-02	2.857e-02	-5.948e-02	-9.314e-02	-2.405e-02	7.835e-01	-3.666e-02	1.149e-03	1.173e-03	3.418e-03	1.148e-03
9	2.835e-02	3.048e-02	8.479e-02	6.922e-02	5.675e-02	-6.325e-02	-9.122e-02	-1.981e-02	6.969e-01	-2.697e-02	4.521e-04	4.609e-04	3.524e-03	4.498e-04
9	3.117e-02	6.566e-03	8.705e-02	9.568e-02	7.708e-02	-6.069e-02	-1.000e-01	-1.766e-02	7.651e-01	-7.060e-02	8.867e-03	8.926e-03	3.686e-03	8.871e-03
10	3.004e-02	7.252e-03	7.408e-02	9.407e-02	8.337e-02	-6.366e-02	-1.000e-01	-1.711e-02	7.490e-01	-1.000e-01	1.151e-02	1.152e-02	3.572e-03	1.151e-02
10	4.687e-02	1.461e-02	8.409e-02	9.313e-02	5.155e-02	-6.501e-02	-1.000e-01	-1.900e-02	7.488e-01	-8.848e-02	8.065e-03	8.082e-03	3.681e-03	8.070e-03
10	3.519e-02	1.717e-02	8.559e-02	9.980e-02	6.344e-02	-6.687e-02	-1.000e-01	-1.570e-02	4.332e-01	-3.838e-02	4.729e-03	4.738e-03	3.796e-03	4.729e-03
10	4.485e-02	1.989e-02	9.013e-02	9.792e-02	4.767e-02	-6.912e-02	-1.000e-01	-1.754e-02	4.572e-01	-1.000e-01	9.326e-03	9.348e-03	3.820e-03	8.738e-03
10	4.078e-02	2.163e-02	8.708e-02	6.317e-02	6.677e-02	-6.212e-02	-1.000e-01	-1.588e-02	7.178e-01	-1.000e-01	8.290e-03	8.299e-03	3.525e-03	8.292e-03
10	3.364e-02	8.902e-03	9.910e-02	1.000e-01	1.129e-01	-6.423e-02	-1.000e-01	-1.869e-02	5.639e-01	-5.666e-02	8.371e-03	8.382e-03	4.084e-03	-4.504e-02
10	3.527e-02	2.326e-02	8.601e-02	8.885e-02	5.392e-02	-6.461e-02	-8.758e-02	-3.012e-02	6.973e-01	-5.935e-02	3.492e-03	3.520e-03	3.699e-03	3.491e-03
10	4.580e-02	8.646e-03	6.409e-02	9.970e-02	8.328e-02	-6.341e-02	-1.000e-01	-1.352e-02	3.719e-01	-8.443e-02	1.077e-02	1.083e-02	3.599e-03	1.078e-02
11	3.842e-02	4.336e-03	8.154e-02	1.000e-01	5.480e-02	-6.478e-02	-9.665e-02	-1.490e-02	5.187e-01	-8.195e-02	7.681e-03	7.689e-03	3.552e-03	7.682e-03
11	4.305e-02	2.449e-02	8.650e-02	8.992e-02	5.422e-02	-6.794e-02	-9.569e-02	-2.163e-02	5.808e-01	-7.682e-02	6.123e-03	6.342e-03	3.774e-03	5.989e-03
11	3.297e-02	2.008e-02	9.091e-02	9.141e-02	1.008e-01	-6.669e-02	-9.407e-02	-2.511e-02	7.514e-01	-7.978e-02	9.805e-03	9.851e-03	3.961e-03	-1.904e-02
11	4.087e-02	2.146e-02	8.163e-02	9.244e-02	8.585e-02	-6.882e-02	-9.900e-02	-2.611e-02	6.722e-01	-9.307e-02	1.153e-02	1.153e-02	3.927e-03	-1.048e-02
11	5.000e-02	2.422e-02	4.602e-02	9.680e-02	6.736e-02	-6.401e-02	-9.090e-02	-1.953e-02	3.099e-01	-4.108e-02	2.963e-03	3.023e-03	3.459e-03	2.951e-03
11	3.292e-02	2.390e-02	8.785e-02	9.028e-02	8.162e-02	-7.370e-02	-9.939e-02	-2.042e-02	7.517e-01	-7.080e-02	8.121e-03	8.136e-03	3.926e-03	-1.360e-02
11	3.650e-02	9.737e-03	9.225e-02	7.857e-02	5.630e-02	-5.072e-02	-1.000e-01	-2.016e-02	7.495e-01	-1.000e-01	9.020e-03	9.033e-03	3.494e-03	9.017e-03
11	3.676e-02	1.042e-02	8.077e-02	9.344e-02	8.382e-02	-7.548e-02	-9.621e-02	-1.312e-02	6.511e-01	-9.750e-02	9.933e-03	9.953e-03	3.699e-03	9.937e-03
12	4.030e-02	1.431e-02	7.468e-02	9.462e-02	8.567e-02	-6.633e-02	-9.434e-02	-1.993e-02	4.746e-01	-7.391e-02	8.495e-03	8.514e-03	3.718e-03	8.499e-03
12	3.201e-02	1.127e-02	8.325e-02	9.008e-02	8.284e-02	-6.581e-02	-9.787e-02	-1.813e-02	7.593e-01	-1.000e-01	1.074e-02	1.076e-02	3.668e-03	1.075e-02
12	5.000e-02	2.281e-02	9.164e-02	8.174e-02	4.888e-02	-6.931e-02	-9.725e-02	-1.732e-02	7.595e-01	-1.000e-01	6.671e-03	6.706e-03	3.705e-03	6.677e-03
12	4.029e-02	7.889e-03	7.527e-02	9.090e-02	6.580e-02	-6.778e-02	-9.013e-02	-1.840e-02	5.007e-01	-6.216e-02	4.261e-03	4.340e-03	3.509e-03	4.261e-03
12	4.335e-02	1.255e-02	7.508e-02	9.725e-02	6.968e-02	-6.622e-02	-9.120e-02	-2.194e-02	6.828e-01	-1.000e-01	7.931e-03	7.943e-03	3.624e-03	7.934e-03
12	3.508e-02	2.744e-03	8.662e-02	9.802e-02	7.027e-02	-6.042e-02	-1.000e-01	-1.511e-02	7.425e-01	-1.000e-01	1.100e-02	1.100e-02	3.606e-03	1.100e-02
12	4.144e-02	7.721e-03	9.303e-02	9.144e-02	5.028e-02	-6.017e-02	-9.973e-02	-1.975e-02	7.126e-01	-1.000e-01	9.238e-03	9.257e-03	3.639e-03	9.239e-03
12	4.653e-02	1.602e-02	8.680e-02	9.234e-02	6.754e-02	-6.308e-02	-1.000e-01	-1.239e-02	3.563e-01	-1.000e-01	1.029e-02	1.031e-02	3.729e-03	1.030e-02
13	3.037e-02	1.782e-02	8.689e-02	8.839e-02	8.884e-02	-7.093e-02	-9.450e-02	-2.003e-02	7.551e-01	-9.480e-02	9.910e-03	9.936e-03	3.785e-03	9.913e-03
13	3.775e-02	7.267e-03	9.025e-02	9.258e-02	7.387e-02	-5.820e-02	-1.000e-01	-1.688e-02	7.829e-01	-1.000e-01	1.117e-02	1.117e-02	3.664e-03	1.117e-02
13	2.751e-02	3.741e-03	8.919e-02	8.945e-02	6.103e-02	-5.432e-02	-9.929e-02	-1.716e-02	7.269e-01	-8.737e-02	9.312e-03	9.319e-03	3.482e-03	9.316e-03
13	3.433e-02	5.834e-03	8.969e-02	1.000e-01	9.056e-02	-7.034e-02	-9.549e-02	-1.510e-02	3.576e-01	-9.082e-02	1.102e-02	1.104e-02	3.822e-03	9.987e-03
13	4.028e-02	6.179e-03	8.599e-02	9.278e-02	5.385e-02	-6.227e-02	-1.000e-01	-1.457e-02	5.628e-01	-1.000e-01	9.158e-03	9.164e-03	3.559e-03	9.156e-03
13	4.184e-02	4.004e-03	7.795e-02	9.880e-02	4.923e-02	-5.815e-02	-9.712e-02	-1.915e-02	6.359e-01	-8.399e-02	7.558e-03	7.580e-03	3.488e-03	7.564e-03
13	3.608e-02	9.172e-03	9.165e-02	9.572e-02	7.395e-02	-6.476e-02	-9.767e-02	-1.740e-02	7.423e-01	-7.987e-02	9.024e-03	9.030e-03	3.752e-03	9.025e-03
13	4.754e-02	5.085e-03	8.500e-02	9.602e-02	4.348e-02	-6.014e-02	-9.838e-02	-1.049e-02	4.236e-01	-1.000e-01	8.662e-03	8.742e-03	3.488e-03	8.668e-03
14	3.001e-02	1.008e-02	8.747e-02	9.203e-02	7.140e-02	-6.548e-02	-9.745e-02	-1.609e-02	7.776e-01	-6.529e-02	7.069e-03	7.079e-03	3.651e-03	7.073e-03
14	4.001e-02	1.355e-02	8.736e-02	9.332e-02	7.083e-02	-6.187e-02	-9.486e-02	-1.941e-02	7.465e-01	-8.314e-02	7.953e-03	8.057e-03	3.700e-03	7.972e-03
14	2.876e-02	9.270e-03	9.720e-02	9.133e-02	6.577e-02	-7.176e-02	-1.000e-01	-1.551e-02	8.000e-01	-8.271e-02	7.892e-03	7.901e-03	3.750e-03	7.893e-03
14	3.955e-02	1.368e-02	9.014e-02	9.070e-02	5.181e-02	-6.976e-02	-9.877e-02	-1.950e-02	7.470e-01	-1.000e-01	8.316e-03	8.324e-03	3.700e-03	8.312e-03
14	3.518e-02	1.176e-02	8.740e-02	1.000e-01	5.707e-02	-6.513e-02	-1.000e-01	-1.397e-02	6.301e-01	-1.000e-01	1.041e-02	1.042e-02	3.671e-03	1.041e-02
14	2.227e-02	1.077e-02	8.897e-02	9.664e-02	9.981e-02	-7.331e-02	-1.000e-01	-1.347e-02	7.576e-01	-1.000e-01	1.261e-02	1.261e-02	3.830e-03	9.929e-03
14	3.466e-02	1.152e-02	8.911e-02	9.441e-02	8.021e-02	-6.930e-02	-9.761e-02	-1.871e-02	7.121e-01	-8.672e-02	9.989e-03	1.001e-02	3.801e-03	9.991e-03
14	4.291e-02	1.229e-02	8.708e-02	9.478e-02	6.376e-02	-7.294e-02	-9.589e-02	-1.780e-02	5.645e-01	-1.000e-01	8.446e-03	8.462e-03	3.751e-03	8.446e-03
15	4.355e-02	2.056e-02	7.532e-02	9.782e-02	9.199e-02	-6.792e-02	-9.845e-02	-1.656e-02	7.431e-01	-7.929e-02	9.718e-03	9.721e-03	3.837e-03	5.705e-03
15	3.567e-02	1.626e-02	9.062e-02	9.481e-02	8.114e-02	-6.209e-02	-9.704e-02	-1.791e-02	7.480e-01	-9.849e-02	1.094e-02	1.100e-02	3.789e-03	1.098e-02
15	2.524e-02	1.378e-02	9.816e-02	9.840e-02	1.033e-01	-7.873e-02	-9.406e-02	-1.420e-02	7.420e-01	-8.615e-02	8.866e-03	8.879e-03	3.979e-03	-2.357e-02
15	3.448e-02	5.796e-03	8.237e-02	1.000e-01	7.902e-02	-6.166e-02	-9.618e-02	-1.708e-02	4.697e-01	-1.000e-01	1.091e-02	1.098e-02	3.657e-03	1.092e-02
15	2.993e-02	2.008e-02	9.176e-02	9.911e-02	8.877e-02	-7.805e-02	-9.710e-02	-1.712e-02	7.469e-01	-7.871e-02	8.766e-03	8.816e-03	3.989e-03	-2.557e-02
15	2.695e-02	1.051e-02	7.746e-02	1.000e-01	9.120e-02	-7.001e-02	-1.000e-01	-1.569e-02	7.386e-01	-1.000e-01	1.219e-02	1.220e-02	3.728e-03	1.219e-02
15	3.091e-02	3.155e-03	7.998e-02	1.000e-01	9.800e-02	-6.809e-02	-9.992e-02	-1.445e-02	7.470e-01	-1.000e-01	1.242e-02	1.257e-02	3.718e-03	1.242e-02
15	3.175e-02	9.031e-03	8.496e-02	9.260e-02	7.602e-02	-7.007e-02	-9.635e-02	-1.501e-02	3.000e-01	-1.000e-01	9.314e-03	9.324e-03	3.672e-03	9.313e-03
16	3.863e-02	1.365e-02	7.851e-02	9.932e-02	7.818e-02	-7.642e-02	-9.570e-02	-1.729e-02	3.296e-01	-9.715e-02	8.963e-03	8.967e-03	3.795e-03	8.963e-03
16	3.649e-02	1.667e-02	8.358e-02	9.361e-02	8.596e-02	-7.109e-02	-9.967e-02	-1.567e-02	6.208e-01	-1.000e-01	1.203e-02	1.205e-02	3.818e-03	1.179e-02
16	4.139e-02	8.343e-03	6.908e-02	9.778e-02	8.133e-02	-7.064e-02	-1.000e-01	-1.614e-02	5.596e-01	-1.000e-01	1.169e-02	1.173e-02	3.657e-03	1.169e-02
16	4.606e-02	9.284e-03	7.802e-02	9.140e-02	7.373e-02	-6.294e-02	-1.000e-01	-1.757e-02	7.429e-01	-1.000e-01	1.049e-02	1.051e-02	3.631e-03	1.048e-02
16	3.027e-02	5.804e-03	8.894e-02	9.800e-02	8.746e-02	-6.016e-02	-9.963e-02	-1.301e-02	7.437e-01	-9.663e-02	1.241e-02	1.243e-02	3.686e-03	1.241e-02
16	3.050e-02	1.612e-03	8.908e-02	9.565e-02	9.641e-02	-6.681e-02	-1.000e-01	-1.343e-02	5.937e-01	-1.000e-01	1.404e-02	1.405e-02	3.746e-03	1.404e-02
16	3.443e-02	1.053e-02	8.520e-02	9.968e-02	6.706e-02	-6.723e-02	-9.756e-02	-1.512e-02	3.000e-01	-8.912e-02	8.922e-03	8.942e-03	3.709e-03	8.921e-03
16	2.811e-02	5.477e-03	7.778e-02	9.644e-02	1.217e-01	-6.622e-02	-9.988e-02	-1.720e-02	4.273e-01	-1.000e-01	1.250e-02	1.251e-02	3.827e-03	1.048e-02
17	3.627e-02	1.082e-02	8.961e-02	9.853e-02	1.038e-01	-7.053e-02	-1.000e-01	-1.475e-02	5.940e-01	-9.980e-02	1.359e-02	1.360e-02	3.943e-03	-1.155e-02
17	3.057e-02	0.000e+00	8.766e-02	9.676e-02	1.120e-01	-6.798e-02	-9.835e-02	-1.488e-02	4.242e-01	-1.000e-01	1.435e-02	1.438e-02	3.819e-03	1.402e-02
17	2.711e-02	2.652e-03	7.759e-02	1.000e-01	9.769e-02	-5.903e-02	-9.961e-02	-1.633e-02	7.141e-01	-7.952e-02	1.145e-02	1.147e-02	3.644e-03	1.145e-02
17	3.200e-02	1.521e-02	8.919e-02	9.907e-02	7.635e-02	-6.881e-02	-9.902e-02	-1.447e-02	5.829e-01	-9.654e-02	1.161e-02	1.161e-02	3.809e-03	1.161e-02
17	2.689e-02	2.515e-04	9.219e-02	9.278e-02	1.044e-01	-6.197e-02	-9.966e-02	-1.737e-02	7.524e-01	-9.897e-02	1.273e-02	1.274e-02	3.754e-03	1.273e-02
17	3.644e-02	1.209e-02	8.791e-02	9.137e-02	7.570e-02	-6.677e-02	-9.985e-02	-1.649e-02	6.770e-01	-1.000e-01	1.072e-02	1.074e-02	3.735e-03	1.072e-02
17	3.343e-02	0.000e+00	9.144e-02	9.382e-02	8.230e-02	-6.326e-02	-1.000e-01	-9.752e-03	7.503e-01	-1.000e-01	1.182e-02	1.183e-02	3.615e-03	1.182e-02
17	2.575e-02	3.457e-03	8.302e-02	9.532e-02	1.030e-01	-6.306e-02	-9.930e-02	-1.968e-02	7.743e-01	-1.000e-01	1.278e-02	1.280e-02	3.721e-03	1.279e-02
18	3.265e-02	0.000e+00	8.977e-02	9.524e-02	9.630e-02	-6.228e-02	-1.000e-01	-1.667e-02	7.188e-01	-1.000e-01	1.300e-02	1.301e-02	3.738e-03	1.300e-02
18	2.668e-02	0.000e+00	9.174e-02	9.778e-02	1.015e-01	-6.671e-02	-9.737e-02	-1.895e-02	7.608e-01	-9.307e-02	1.111e-02	1.112e-02	3.799e-03	1.111e-02
18	2.630e-02	0.000e+00	8.582e-02	9.806e-02	7.043e-02	-6.286e-02	-1.000e-01	-1.526e-02	7.731e-01	-8.841e-02	9.888e-03	9.895e-03	3.564e-03	9.887e-03
18	3.694e-02	4.172e-03	8.641e-02	9.381e-02	1.255e-01	-5.894e-02	-9.865e-02	-1.620e-02	7.604e-01	-8.792e-02	5.613e-03	5.616e-03	3.844e-03	2.805e-04
18	2.900e-02	1.840e-03	8.266e-02	9.852e-02	1.023e-01	-6.513e-02	-9.978e-02	-1.896e-02	5.707e-01	-8.817e-02	1.233e-02	1.235e-02	3.778e-03	1.233e-02
18	2.971e-02	1.097e-03	8.728e-02	9.411e-02	1.057e-01	-6.408e-02	-9.901e-02	-8.384e-03	6.032e-01	-1.000e-01	1.377e-02	1.377e-02	3.672e-03	1.377e-02
18	3.065e-02	5.157e-03	8.828e-02	9.551e-02	1.021e-01	-7.171e-02	-1.000e-01	-1.281e-02	7.450e-01	-9.299e-02	1.175e-02	1.181e-02	3.809e-03	1.176e-02
18	2.763e-02	9.118e-03	8.151e-02	9.817e-02	1.231e-01	-6.769e-02	-9.905e-02	-1.537e-02	4.961e-01	-9.893e-02	1.046e-02	1.051e-02	3.886e-03	-3.432e-03
19	3.123e-02	3.240e-03	8.882e-02	9.292e-02	8.395e-02	-6.766e-02	-1.000e-01	-1.431e-02	6.478e-01	-9.448e-02	1.134e-02	1.134e-02	3.693e-03	1.134e-02
19	2.976e-02	5.573e-03	8.724e-02	9.596e-02	8.632e-02	-6.541e-02	-9.874e-02	-1.420e-02	7.544e-01	-9.482e-02	1.164e-02	1.164e-02	3.685e-03	1.164e-02
19	3.053e-02	0.000e+00	8.775e-02	9.746e-02	9.950e-02	-6.341e-02	-1.000e-01	-1.375e-02	7.676e-01	-8.910e-02	1.196e-02	1.198e-02	3.721e-03	1.196e-02
19	3.149e-02	3.396e-03	9.064e-02	9.907e-02	1.026e-01	-7.125e-02	-9.655e-02	-1.742e-02	6.056e-01	-8.560e-02	1.055e-02	1.060e-02	3.876e-03	-1.197e-03
19	4.108e-02	3.823e-03	9.018e-02	9.410e-02	7.597e-02	-6.645e-02	-9.984e-02	-1.115e-02	7.020e-01	-9.607e-02	1.063e-02	1.064e-02	3.679e-03	1.063e-02
19	3.203e-02	7.224e-04	8.642e-02	9.335e-02	9.914e-02	-6.725e-02	-9.683e-02	-1.483e-02	4.920e-01	-9.727e-02	1.261e-02	1.263e-02	3.711e-03	1.262e-02
19	2.255e-02	2.980e-03	8.992e-02	9.662e-02	1.051e-01	-7.000e-02	-9.956e-02	-1.565e-02	7.525e-01	-9.161e-02	1.125e-02	1.127e-02	3.808e-03	1.125e-02
19	3.152e-02	0.000e+00	7.075e-02	9.737e-02	1.315e-01	-6.393e-02	-9.917e-02	-1.522e-02	4.496e-01	-9.437e-02	5.102e-03	5.110e-03	3.742e-03	5.104e-03
20	2.574e-02	3.906e-03	8.719e-02	9.471e-02	8.478e-02	-7.045e-02	-9.850e-02	-2.346e-02	7.562e-01	-9.261e-02	1.071e-02	1.072e-02	3.763e-03	1.072e-02
20	3.152e-02	2.044e-03	8.945e-02	9.805e-02	8.916e-02	-7.147e-02	-9.897e-02	-1.394e-02	5.090e-01	-9.773e-02	1.250e-02	1.251e-02	3.777e-03	1.250e-02
20	2.998e-02	0.000e+00	8.840e-02	9.565e-02	9.944e-02	-6.716e-02	-9.976e-02	-1.318e-02	7.462e-01	-9.128e-02	1.162e-02	1.169e-02	3.729e-03	1.162e-02
20	2.950e-02	3.504e-03	8.875e-02	9.726e-02	7.910e-02	-6.622e-02	-9.921e-02	-1.673e-02	7.604e-01	-8.824e-02	1.022e-02	1.024e-02	3.699e-03	1.021e-02
20	3.410e-02	4.272e-03	8.253e-02	9.600e-02	8.063e-02	-6.271e-02	-9.775e-02	-1.597e-02	7.543e-01	-8.472e-02	9.951e-03	9.955e-03	3.619e-03	9.952e-03
20	2.914e-02	7.726e-03	7.842e-02	9.448e-02	7.569e-02	-6.822e-02	-9.778e-02	-1.622e-02	7.588e-01	-9.377e-02	9.590e-03	9.788e-03	3.583e-03	9.676e-03
20	3.399e-02	0.000e+00	8.759e-02	9.514e-02	9.505e-02	-6.556e-02	-9.972e-02	-1.052e-02	6.083e-01	-1.000e-01	1.334e-02	1.335e-02	3.682e-03	1.334e-02
20	3.228e-02	1.329e-03	8.974e-02	9.465e-02	8.699e-02	-6.325e-02	-9.843e-02	-1.145e-02	5.146e-01	-8.509e-02	1.173e-02	1.175e-02	3.660e-03	1.174e-02
21	3.701e-02	0.000e+00	8.736e-02	9.770e-02	8.202e-02	-6.631e-02	-9.974e-02	-1.555e-02	4.978e-01	-8.957e-02	1.124e-02	1.125e-02	3.722e-03	1.124e-02
21	3.583e-02	3.859e-03	8.603e-02	9.432e-02	9.745e-02	-6.096e-02	-9.999e-02	-1.421e-02	6.225e-01	-9.975e-02	1.389e-02	1.397e-02	3.717e-03	1.390e-02
21	3.159e-02	3.696e-03	8.597e-02	9.477e-02	8.073e-02	-6.830e-02	-9.814e-02	-1.257e-02	4.399e-01	-8.577e-02	1.045e-02	1.048e-02	3.658e-03	1.045e-02
21	3.214e-02	1.524e-03	9.032e-02	9.447e-02	8.757e-02	-6.949e-02	-9.852e-02	-1.215e-02	7.464e-01	-9.652e-02	1.085e-02	1.090e-02	3.693e-03	1.084e-02
21	3.280e-02	6.937e-03	9.095e-02	9.722e-02	9.054e-02	-6.539e-02	-9.965e-02	-7.087e-03	7.770e-01	-9.418e-02	1.155e-02	1.158e-02	3.712e-03	1.154e-02
21	2.826e-02	0.000e+00	9.028e-02	9.496e-02	8.946e-02	-6.841e-02	-9.854e-02	-1.251e-02	7.458e-01	-8.644e-02	1.038e-02	1.041e-02	3.680e-03	1.038e-02
21	3.182e-02	8.631e-03	8.895e-02	9.342e-02	8.873e-02	-7.137e-02	-1.000e-01	-1.378e-02	6.787e-01	-8.889e-02	1.143e-02	1.152e-02	3.785e-03	1.144e-02
21	3.442e-02	0.000e+00	9.138e-02	9.673e-02	9.088e-02	-7.018e-02	-9.961e-02	-8.535e-03	5.074e-01	-9.357e-02	1.280e-02	1.282e-02	3.734e-03	1.280e-02
22	3.467e-02	1.145e-02	7.804e-02	9.608e-02	9.691e-02	-6.357e-02	-9.946e-02	-1.767e-02	6.224e-01	-8.849e-02	1.192e-02	1.192e-02	3.759e-03	1.192e-02
22	3.483e-02	6.763e-03	8.951e-02	9.601e-02	8.550e-02	-6.947e-02	-9.904e-02	-1.299e-02	5.742e-01	-9.515e-02	1.151e-02	1.167e-02	3.769e-03	1.153e-02
22	3.366e-02	3.261e-03	7.851e-02	9.467e-02	1.120e-01	-6.971e-02	-9.908e-02	-1.322e-02	4.542e-01	-1.000e-01	1.347e-02	1.347e-02	3.755e-03	1.347e-02
22	3.025e-02	6.845e-03	8.417e-02	9.399e-02	8.989e-02	-6.099e-02	-9.951e-02	-1.208e-02	7.173e-01	-9.065e-02	1.220e-02	1.221e-02	3.633e-03	1.220e-02
22	3.032e-02	8.382e-03	8.644e-02	9.575e-02	9.410e-02	-6.740e-02	-9.772e-02	-1.894e-02	6.504e-01	-9.531e-02	1.190e-02	1.191e-02	3.793e-03	1.190e-02
22	4.041e-02	4.863e-03	8.744e-02	9.465e-02	8.624e-02	-6.188e-02	-1.000e-01	-1.123e-02	6.966e-01	-9.892e-02	1.314e-02	1.316e-02	3.682e-03	1.314e-02
22	3.760e-02	1.192e-03	8.857e-02	9.530e-02	1.007e-01	-6.189e-02	-1.000e-01	-7.346e-03	5.706e-01	-8.918e-02	1.218e-02	1.240e-02	3.699e-03	1.218e-02
22	3.612e-02	1.708e-03	8.714e-02	9.512e-02	8.468e-02	-6.094e-02	-1.000e-01	-1.470e-02	6.576e-01	-1.000e-01	1.372e-02	1.381e-02	3.663e-03	1.373e-02
23	3.215e-02	2.860e-03	8.851e-02	9.554e-02	1.017e-01	-6.819e-02	-1.000e-01	-1.479e-02	5.301e-01	-9.717e-02	1.392e-02	1.393e-02	3.811e-03	1.392e-02
23	3.103e-02	0.000e+00	8.712e-02	9.388e-02	9.482e-02	-6.967e-02	-9.979e-02	-1.108e-02	4.836e-01	-1.000e-01	1.370e-02	1.372e-02	3.699e-03	1.371e-02
23	4.217e-02	8.802e-03	8.448e-02	9.664e-02	7.895e-02	-6.308e-02	-1.000e-01	-1.181e-02	4.589e-01	-9.543e-02	1.162e-02	1.162e-02	3.707e-03	1.162e-02
23	3.860e-02	1.180e-03	9.008e-02	9.335e-02	1.019e-01	-5.876e-02	-9.972e-02	-1.326e-02	4.186e-01	-9.827e-02	1.441e-02	1.442e-02	3.750e-03	1.441e-02
23	4.141e-02	2.988e-03	8.230e-02	9.729e-02	9.804e-02	-6.928e-02	-9.871e-02	-1.630e-02	3.000e-01	-9.878e-02	1.290e-02	1.293e-02	3.813e-03	1.291e-02
23	3.635e-02	3.235e-03	8.618e-02	9.551e-02	8.867e-02	-6.102e-02	-9.827e-02	-1.351e-02	6.195e-01	-9.551e-02	1.195e-02	1.195e-02	3.663e-03	1.195e-02
23	2.892e-02	1.761e-03	9.028e-02	9.700e-02	9.184e-02	-6.923e-02	-1.000e-01	-9.572e-03	6.925e-01	-9.781e-02	1.271e-02	1.272e-02	3.711e-03	1.271e-02
23	3.872e-02	2.980e-03	8.808e-02	9.519e-02	9.248e-02	-6.081e-02	-9.943e-02	-1.259e-02	6.277e-01	-8.999e-02	1.208e-02	1.214e-02	3.709e-03	1.207e-02
24	3.206e-02	6.115e-03	8.662e-02	9.293e-02	1.009e-01	-5.911e-02	-9.952e-02	-1.221e-02	4.881e-01	-9.411e-02	1.387e-02	1.387e-02	3.708e-03	1.387e-02
24	3.402e-02	9.460e-04	9.395e-02	9.538e-02	9.463e-02	-5.448e-02	-9.979e-02	-1.129e-02	4.274e-01	-9.649e-02	1.413e-02	1.414e-02	3.701e-03	1.413e-02
24	3.223e-02	1.701e-03	8.642e-02	9.551e-02	1.105e-01	-6.735e-02	-9.963e-02	-1.341e-02	3.525e-01	-9.730e-02	1.487e-02	1.493e-02	3.810e-03	1.489e-02
24	3.886e-02	4.346e-03	9.162e-02	9.210e-02	8.582e-02	-5.657e-02	-1.000e-01	-1.228e-02	3.208e-01	-9.884e-02	1.300e-02	1.301e-02	3.691e-03	1.300e-02
24	3.203e-02	2.072e-03	9.267e-02	9.365e-02	1.032e-01	-6.470e-02	-9.940e-02	-1.526e-02	4.331e-01	-9.720e-02	1.421e-02	1.422e-02	3.819e-03	1.383e-02
24	3.571e-02	4.001e-03	8.805e-02	9.255e-02	1.061e-01	-5.981e-02	-9.934e-02	-1.643e-02	4.987e-01	-9.501e-02	1.402e-02	1.403e-02	3.785e-03	1.402e-02
24	3.376e-02	1.462e-03	8.068e-02	9.562e-02	1.166e-01	-6.369e-02	-9.965e-02	-1.217e-02	3.000e-01	-9.929e-02	1.482e-02	1.485e-02	3.756e-03	1.482e-02
24	4.142e-02	3.734e-03	8.839e-02	9.367e-02	9.789e-02	-6.413e-02	-1.000e-01	-1.270e-02	5.217e-01	-9.170e-02	1.326e-02	1.331e-02	3.781e-03	1.326e-02
25	4.262e-02	3.030e-03	8.241e-02	9.563e-02	1.085e-01	-6.774e-02	-9.961e-02	-1.384e-02	3.535e-01	-9.948e-02	1.464e-02	1.465e-02	3.826e-03	1.293e-02
25	3.678e-02	4.718e-04	8.924e-02	9.410e-02	1.026e-01	-6.083e-02	-9.993e-02	-1.385e-02	6.730e-01	-9.379e-02	1.323e-02	1.324e-02	3.742e-03	1.323e-02
25	3.798e-02	0.000e+00	8.611e-02	9.431e-02	1.103e-01	-5.708e-02	-1.000e-01	-1.333e-02	4.252e-01	-9.947e-02	1.519e-02	1.524e-02	3.739e-03	1.519e-02
25	3.468e-02	1.049e-03	8.959e-02	9.242e-02	1.121e-01	-5.960e-02	-1.000e-01	-1.235e-02	3.255e-01	-9.873e-02	1.624e-02	1.628e-02	3.773e-03	1.624e-02
25	3.001e-02	3.963e-03	8.088e-02	9.433e-02	1.004e-01	-6.829e-02	-9.986e-02	-1.316e-02	3.445e-01	-9.661e-02	1.385e-02	1.387e-02	3.715e-03	1.385e-02
25	3.775e-02	2.184e-03	8.759e-02	9.349e-02	1.006e-01	-5.912e-02	-9.954e-02	-1.204e-02	3.193e-01	-9.704e-02	1.418e-02	1.421e-02	3.720e-03	1.418e-02
25	2.686e-02	1.448e-04	8.910e-02	9.710e-02	1.204e-01	-6.401e-02	-1.000e-01	-1.370e-02	6.662e-01	-9.950e-02	9.696e-03	9.769e-03	3.819e-03	9.288e-03
25	3.342e-02	3.548e-04	9.003e-02	9.333e-02	1.307e-01	-6.587e-02	-1.000e-01	-1.313e-02	3.904e-01	-9.619e-02	9.397e-03	9.408e-03	3.906e-03	-8.429e-03
26	3.504e-02	1.914e-03	8.898e-02	9.472e-02	8.333e-02	-6.600e-02	-1.000e-01	-1.211e-02	5.174e-01	-9.435e-02	1.199e-02	1.199e-02	3.691e-03	1.199e-02
26	3.591e-02	0.000e+00	8.562e-02	9.520e-02	9.801e-02	-6.302e-02	-1.000e-01	-1.004e-02	4.772e-01	-9.571e-02	1.416e-02	1.418e-02	3.680e-03	1.416e-02
26	3.587e-02	1.495e-03	8.020e-02	9.762e-02	1.140e-01	-6.787e-02	-9.951e-02	-1.474e-02	3.972e-01	-9.739e-02	1.357e-02	1.358e-02	3.810e-03	1.357e-02
26	3.544e-02	1.163e-04	9.017e-02	9.303e-02	1.141e-01	-5.887e-02	-9.955e-02	-1.592e-02	4.734e-01	-9.705e-02	1.381e-02	1.383e-02	3.806e-03	1.381e-02
26	3.706e-02	1.151e-03	8.930e-02	9.740e-02	1.154e-01	-6.847e-02	-9.969e-02	-1.074e-02	3.000e-01	-9.415e-02	1.443e-02	1.443e-02	3.879e-03	2.087e-03
26	3.906e-02	2.167e-03	8.580e-02	9.405e-02	1.107e-01	-5.988e-02	-9.968e-02	-1.454e-02	3.211e-01	-9.796e-02	1.487e-02	1.489e-02	3.792e-03	1.488e-02
26	4.237e-02	0.000e+00	8.961e-02	9.363e-02	1.042e-01	-5.542e-02	-1.000e-01	-1.142e-02	3.000e-01	-9.799e-02	1.517e-02	1.519e-02	3.736e-03	1.517e-02
26	4.090e-02	2.044e-03	8.628e-02	9.227e-02	9.987e-02	-6.074e-02	-9.951e-02	-1.575e-02	4.970e-01	-1.000e-01	1.414e-02	1.416e-02	3.744e-03	1.414e-02
27	4.199e-02	2.725e-03	8.797e-02	9.400e-02	9.943e-02	-6.385e-02	-9.974e-02	-1.378e-02	4.813e-01	-9.843e-02	1.450e-02	1.452e-02	3.787e-03	1.450e-02
27	3.938e-02	2.090e-03	8.539e-02	9.335e-02	9.824e-02	-4.661e-02	-9.980e-02	-1.349e-02	4.007e-01	-9.517e-02	1.484e-02	1.485e-02	3.623e-03	1.484e-02
27	4.149e-02	1.825e-03	8.838e-02	9.527e-02	1.110e-01	-6.625e-02	-9.975e-02	-1.500e-02	3.726e-01	-1.000e-01	1.482e-02	1.482e-02	3.879e-03	2.332e-03
27	3.943e-02	7.212e-04	8.775e-02	9.647e-02	9.573e-02	-5.444e-02	-9.963e-02	-1.251e-02	4.042e-01	-1.000e-01	1.469e-02	1.471e-02	3.686e-03	1.469e-02
27	4.238e-02	2.987e-03	8.037e-02	9.397e-02	1.240e-01	-6.366e-02	-9.975e-02	-1.496e-02	3.629e-01	-9.852e-02	1.163e-02	1.168e-02	3.849e-03	5.253e-03
27	3.520e-02	4.624e-04	9.006e-02	9.242e-02	1.329e-01	-6.261e-02	-9.942e-02	-1.437e-02	5.127e-01	-1.000e-01	6.303e-03	6.375e-03	3.893e-03	-8.985e-03
27	4.076e-02	2.012e-04	8.836e-02	9.411e-02	1.076e-01	-5.914e-02	-1.000e-01	-1.284e-02	3.000e-01	-9.850e-02	1.496e-02	1.501e-02	3.777e-03	1.496e-02
27	3.353e-02	6.147e-04	9.014e-02	9.292e-02	1.107e-01	-5.547e-02	-9.926e-02	-1.195e-02	5.368e-01	-9.649e-02	1.401e-02	1.407e-02	3.716e-03	1.401e-02
28	3.612e-02	1.315e-03	8.671e-02	9.487e-02	9.875e-02	-5.881e-02	-9.961e-02	-1.183e-02	3.708e-01	-9.822e-02	1.448e-02	1.449e-02	3.693e-03	1.448e-02
28	3.738e-02	1.488e-03	8.997e-02	9.272e-02	1.131e-01	-5.926e-02	-9.980e-02	-1.326e-02	3.142e-01	-9.748e-02	1.527e-02	1.528e-02	3.804e-03	1.527e-02
28	3.968e-02	0.000e+00	9.170e-02	9.251e-02	9.979e-02	-4.700e-02	-9.962e-02	-1.256e-02	3.690e-01	-9.711e-02	1.527e-02	1.538e-02	3.663e-03	1.527e-02
28	3.362e-02	2.847e-03	8.665e-02	9.517e-02	1.028e-01	-6.423e-02	-9.933e-02	-1.455e-02	4.402e-01	-9.554e-02	1.415e-02	1.435e-02	3.772e-03	1.414e-02
28	3.141e-02	1.327e-03	8.860e-02	9.615e-02	1.013e-01	-5.592e-02	-1.000e-01	-1.161e-02	6.448e-01	-9.545e-02	1.389e-02	1.407e-02	3.676e-03	1.388e-02
28	4.534e-02	1.149e-03	8.761e-02	9.222e-02	9.946e-02	-6.533e-02	-9.973e-02	-1.136e-02	3.709e-01	-9.869e-02	1.396e-02	1.401e-02	3.764e-03	1.397e-02
28	3.554e-02	1.172e-03	8.812e-02	9.259e-02	9.975e-02	-5.828e-02	-9.979e-02	-1.079e-02	4.020e-01	-1.000e-01	1.457e-02	1.460e-02	3.677e-03	1.458e-02
28	4.561e-02	4.815e-04	8.775e-02	9.413e-02	1.078e-01	-4.913e-02	-9.968e-02	-1.221e-02	3.799e-01	-9.796e-02	1.541e-02	1.561e-02	3.715e-03	1.544e-02
29	4.494e-02	8.415e-04	8.862e-02	9.204e-02	1.110e-01	-3.070e-02	-9.959e-02	-1.319e-02	3.519e-01	-9.779e-02	1.685e-02	1.686e-02	3.607e-03	1.685e-02
29	4.137e-02	5.408e-04	9.371e-02	9.294e-02	9.438e-02	-5.857e-02	-9.961e-02	-1.221e-02	5.283e-01	-9.638e-02	1.317e-02	1.318e-02	3.736e-03	1.317e-02
29	4.419e-02	0.000e+00	8.821e-02	9.329e-02	1.043e-01	-3.463e-02	-9.965e-02	-1.351e-02	3.290e-01	-9.710e-02	1.590e-02	1.591e-02	3.603e-03	1.590e-02
29	3.829e-02	1.086e-03	9.019e-02	9.300e-02	1.016e-01	-5.683e-02	-1.000e-01	-1.267e-02	3.776e-01	-9.790e-02	1.527e-02	1.528e-02	3.732e-03	1.527e-02
29	4.417e-02	0.000e+00	8.862e-02	9.562e-02	1.008e-01	-5.810e-02	-9.942e-02	-1.195e-02	3.000e-01	-9.707e-02	1.399e-02	1.400e-02	3.751e-03	1.399e-02
29	3.999e-02	2.014e-03	9.137e-02	9.294e-02	1.045e-01	-3.999e-02	-9.979e-02	-1.255e-02	4.186e-01	-9.794e-02	1.618e-02	1.620e-02	3.651e-03	1.619e-02
29	4.254e-02	6.424e-04	9.246e-02	9.438e-02	9.920e-02	-5.002e-02	-9.986e-02	-1.168e-02	3.379e-01	-9.732e-02	1.482e-02	1.483e-02	3.714e-03	1.482e-02
29	4.216e-02	5.030e-04	8.869e-02	9.215e-02	1.195e-01	-4.911e-02	-9.941e-02	-1.371e-02	3.677e-01	-9.661e-02	1.523e-02	1.524e-02	3.761e-03	1.523e-02
30	3.968e-02	1.329e-03	8.686e-02	9.369e-02	1.140e-01	-5.883e-02	-9.981e-02	-1.360e-02	3.000e-01	-9.754e-02	1.520e-02	1.535e-02	3.797e-03	1.518e-02
30	4.002e-02	1.225e-03	9.308e-02	9.314e-02	1.038e-01	-4.984e-02	-9.984e-02	-1.223e-02	4.401e-01	-9.587e-02	1.533e-02	1.533e-02	3.724e-03	1.533e-02
30	4.116e-02	7.242e-05	8.986e-02	9.200e-02	9.829e-02	-5.725e-02	-9.988e-02	-1.305e-02	3.843e-01	-9.793e-02	1.410e-02	1.411e-02	3.716e-03	1.409e-02
30	4.845e-02	1.027e-03	9.187e-02	9.190e-02	1.046e-01	-2.524e-02	-9.964e-02	-1.527e-02	3.983e-01	-9.713e-02	1.693e-02	1.694e-02	3.608e-03	1.693e-02
30	4.938e-02	0.000e+00	8.897e-02	9.177e-02	1.115e-01	-2.477e-02	-9.985e-02	-1.140e-02	3.000e-01	-9.702e-02	1.789e-02	1.791e-02	3.572e-03	1.789e-02
30	4.960e-02	2.288e-03	9.007e-02	9.369e-02	1.105e-01	-5.418e-02	-9.973e-02	-1.234e-02	3.417e-01	-9.788e-02	1.523e-02	1.529e-02	3.814e-03	1.523e-02
30	4.161e-02	5.817e-04	8.721e-02	9.421e-02	1.108e-01	-5.454e-02	-9.971e-02	-1.192e-02	4.085e-01	-9.650e-02	1.485e-02	1.490e-02	3.741e-03	1.485e-02
30	4.097e-02	0.000e+00	9.277e-02	9.328e-02	1.059e-01	-4.895e-02	-9.959e-02	-1.210e-02	3.688e-01	-9.918e-02	1.584e-02	1.587e-02	3.721e-03	1.584e-02
31	5.000e-02	1.131e-03	9.111e-02	9.160e-02	1.070e-01	-3.196e-02	-9.998e-02	-1.332e-02	3.740e-01	-9.862e-02	1.692e-02	1.693e-02	3.646e-03	1.691e-02
31	3.871e-02	1.043e-03	8.671e-02	9.344e-02	1.062e-01	-3.143e-02	-9.966e-02	-1.367e-02	3.635e-01	-9.745e-02	1.705e-02	1.706e-02	3.562e-03	1.705e-02
31	4.277e-02	1.609e-03	8.961e-02	9.286e-02	1.120e-01	-3.279e-02	-9.979e-02	-1.218e-02	3.851e-01	-9.683e-02	1.662e-02	1.667e-02	3.629e-03	1.663e-02
31	4.699e-02	2.545e-04	9.201e-02	9.279e-02	1.017e-01	-4.080e-02	-9.968e-02	-1.101e-02	3.000e-01	-9.859e-02	1.481e-02	1.484e-02	3.657e-03	1.480e-02
31	4.938e-02	1.114e-03	8.688e-02	9.242e-02	1.113e-01	-4.449e-02	-9.945e-02	-1.279e-02	3.000e-01	-9.926e-02	1.526e-02	1.528e-02	3.707e-03	1.526e-02
31	5.000e-02	6.533e-04	9.073e-02	9.211e-02	1.088e-01	-4.678e-02	-9.944e-02	-1.311e-02	3.932e-01	-9.726e-02	1.507e-02	1.507e-02	3.743e-03	1.507e-02
31	4.315e-02	0.000e+00	9.093e-02	9.050e-02	1.129e-01	0.000e+00	-9.992e-02	-1.200e-02	3.449e-01	-9.638e-02	1.934e-02	1.939e-02	3.398e-03	1.934e-02
31	4.876e-02	0.000e+00	9.417e-02	9.070e-02	1.160e-01	-2.110e-02	-9.990e-02	-1.091e-02	3.130e-01	-9.728e-02	1.764e-02	1.768e-02	3.602e-03	1.763e-02
32	4.387e-02	0.000e+00	9.139e-02	9.064e-02	1.079e-01	-4.869e-03	-9.992e-02	-1.158e-02	3.734e-01	-9.687e-02	1.959e-02	1.960e-02	3.410e-03	1.959e-02
32	4.051e-02	8.953e-06	8.706e-02	9.190e-02	1.135e-01	-1.103e-02	-9.982e-02	-1.162e-02	3.008e-01	-9.755e-02	1.889e-02	1.890e-02	3.434e-03	1.889e-02
32	4.893e-02	3.156e-04	9.021e-02	9.150e-02	1.142e-01	-1.662e-02	-9.997e-02	-1.201e-02	3.105e-01	-9.569e-02	1.761e-02	1.763e-02	3.547e-03	1.761e-02
32	4.907e-02	0.000e+00	9.487e-02	9.053e-02	1.105e-01	-2.979e-03	-1.000e-01	-1.207e-02	3.000e-01	-9.614e-02	1.898e-02	1.899e-02	3.475e-03	1.897e-02
32	4.202e-02	1.059e-04	9.234e-02	9.034e-02	1.142e-01	-5.853e-03	-9.969e-02	-1.371e-02	3.402e-01	-9.722e-02	1.998e-02	2.003e-02	3.466e-03	1.998e-02
32	3.984e-02	0.000e+00	9.042e-02	9.244e-02	1.140e-01	-1.328e-02	-9.985e-02	-1.036e-02	3.000e-01	-9.665e-02	1.863e-02	1.863e-02	3.473e-03	1.863e-02
32	5.000e-02	0.000e+00	9.150e-02	9.194e-02	1.120e-01	-2.246e-02	-9.992e-02	-1.322e-02	3.000e-01	-9.745e-02	1.738e-02	1.740e-02	3.606e-03	1.739e-02
32	4.712e-02	5.982e-04	9.088e-02	9.008e-02	1.113e-01	-2.522e-02	-9.996e-02	-1.334e-02	3.359e-01	-9.808e-02	1.719e-02	1.734e-02	3.592e-03	1.719e-02
33	4.629e-02	0.000e+00	9.152e-02	9.098e-02	1.151e-01	-6.903e-03	-9.979e-02	-1.393e-02	3.147e-01	-9.765e-02	1.905e-02	1.905e-02	3.496e-03	1.905e-02
33	4.139e-02	1.330e-04	9.256e-02	9.385e-02	1.105e-01	-2.808e-02	-9.967e-02	-1.320e-02	3.689e-01	-9.579e-02	1.779e-02	1.780e-02	3.620e-03	1.779e-02
33	4.488e-02	4.688e-04	9.114e-02	9.057e-02	1.101e-01	-2.692e-02	-9.988e-02	-1.251e-02	3.904e-01	-9.669e-02	1.736e-02	1.741e-02	3.581e-03	1.736e-02
33	4.639e-02	4.502e-04	9.066e-02	9.266e-02	1.052e-01	-1.097e-02	-9.971e-02	-1.232e-02	3.241e-01	-9.772e-02	1.806e-02	1.813e-02	3.469e-03	1.806e-02
33	4.254e-02	2.553e-04	8.953e-02	9.345e-02	1.127e-01	-5.660e-02	-9.985e-02	-1.160e-02	3.178e-01	-9.646e-02	1.545e-02	1.548e-02	3.783e-03	1.545e-02
33	4.018e-02	0.000e+00	9.121e-02	9.242e-02	1.121e-01	-6.408e-03	-1.000e-01	-1.060e-02	3.590e-01	-9.578e-02	1.921e-02	1.936e-02	3.429e-03	1.922e-02
33	4.509e-02	0.000e+00	8.879e-02	9.018e-02	1.102e-01	-7.802e-03	-9.990e-02	-1.278e-02	3.301e-01	-9.655e-02	1.899e-02	1.912e-02	3.430e-03	1.896e-02
33	4.178e-02	5.148e-04	9.390e-02	9.093e-02	1.150e-01	0.000e+00	-9.979e-02	-1.272e-02	3.502e-01	-9.769e-02	2.011e-02	2.014e-02	3.443e-03	2.011e-02
34	4.698e-02	0.000e+00	9.716e-02	9.161e-02	1.183e-01	-1.082e-02	-9.984e-02	-1.214e-02	3.000e-01	-9.738e-02	1.863e-02	1.863e-02	3.583e-03	1.863e-02
34	4.116e-02	0.000e+00	8.845e-02	9.300e-02	1.110e-01	-3.054e-02	-9.977e-02	-9.938e-03	3.468e-01	-9.716e-02	1.722e-02	1.722e-02	3.558e-03	1.722e-02
34	4.253e-02	4.228e-04	9.271e-02	9.190e-02	1.085e-01	-1.086e-02	-1.000e-01	-1.197e-02	3.908e-01	-9.714e-02	1.993e-02	1.995e-02	3.476e-03	1.993e-02
34	3.916e-02	3.114e-04	9.303e-02	9.050e-02	1.162e-01	-3.487e-03	-9.993e-02	-1.329e-02	3.087e-01	-9.747e-02	2.014e-02	2.015e-02	3.455e-03	2.014e-02
34	4.397e-02	0.000e+00	9.579e-02	8.995e-02	1.161e-01	0.000e+00	-9.992e-02	-1.235e-02	3.539e-01	-9.724e-02	2.029e-02	2.029e-02	3.460e-03	2.029e-02
34	3.823e-02	0.000e+00	9.325e-02	9.193e-02	1.161e-01	-2.540e-02	-9.964e-02	-1.325e-02	3.145e-01	-9.756e-02	1.778e-02	1.794e-02	3.605e-03	1.778e-02
34	4.845e-02	0.000e+00	9.268e-02	8.996e-02	1.171e-01	0.000e+00	-9.982e-02	-1.214e-02	3.200e-01	-9.677e-02	1.900e-02	1.910e-02	3.455e-03	1.899e-02
34	4.390e-02	0.000e+00	9.848e-02	8.901e-02	1.205e-01	-1.543e-03	-9.973e-02	-1.149e-02	3.498e-01	-9.778e-02	1.942e-02	2.016e-02	3.500e-03	1.943e-02
35	4.721e-02	0.000e+00	9.088e-02	9.053e-02	1.107e-01	-1.258e-02	-9.992e-02	-1.112e-02	3.098e-01	-9.721e-02	1.853e-02	1.866e-02	3.480e-03	1.852e-02
35	4.269e-02	2.753e-05	9.303e-02	8.965e-02	1.130e-01	-9.576e-03	-9.992e-02	-1.302e-02	3.357e-01	-9.796e-02	1.882e-02	1.882e-02	3.486e-03	1.882e-02
35	4.219e-02	3.159e-04	9.441e-02	9.030e-02	1.153e-01	-4.517e-04	-9.991e-02	-1.200e-02	3.208e-01	-9.764e-02	2.020e-02	2.021e-02	3.443e-03	2.020e-02
35	4.105e-02	0.000e+00	9.304e-02	9.071e-02	1.180e-01	-6.509e-04	-1.000e-01	-1.071e-02	3.564e-01	-9.570e-02	1.996e-02	1.997e-02	3.426e-03	1.996e-02
35	3.941e-02	0.000e+00	9.452e-02	9.146e-02	1.129e-01	-2.615e-02	-9.969e-02	-1.083e-02	3.296e-01	-9.740e-02	1.758e-02	1.759e-02	3.585e-03	1.758e-02
35	4.238e-02	0.000e+00	9.769e-02	9.005e-02	1.124e-01	0.000e+00	-1.000e-01	-1.188e-02	4.066e-01	-9.635e-02	1.990e-02	1.993e-02	3.450e-03	1.991e-02
35	4.288e-02	4.202e-04	9.325e-02	9.048e-02	1.184e-01	0.000e+00	-9.988e-02	-1.334e-02	3.273e-01	-9.718e-02	1.973e-02	1.977e-02	3.462e-03	1.973e-02
35	4.220e-02	0.000e+00	9.365e-02	9.132e-02	1.171e-01	-1.149e-02	-9.961e-02	-1.067e-02	3.000e-01	-9.684e-02	1.897e-02	1.898e-02	3.509e-03	1.897e-02
36	4.067e-02	5.963e-04	9.468e-02	9.089e-02	1.106e-01	-3.686e-03	-9.990e-02	-1.387e-02	4.043e-01	-9.693e-02	1.998e-02	1.998e-02	3.459e-03	1.998e-02
36	4.440e-02	0.000e+00	9.839e-02	8.940e-02	1.179e-01	0.000e+00	-1.000e-01	-9.564e-03	3.362e-01	-9.593e-02	1.932e-02	1.934e-02	3.466e-03	1.932e-02
36	4.376e-02	4.742e-04	9.381e-02	9.042e-02	1.148e-01	-2.119e-03	-9.988e-02	-1.386e-02	3.582e-01	-9.885e-02	1.978e-02	1.980e-02	3.470e-03	1.979e-02
36	3.963e-02	2.501e-04	9.628e-02	9.060e-02	1.170e-01	-6.109e-03	-1.000e-01	-1.134e-02	3.717e-01	-9.653e-02	1.890e-02	1.890e-02	3.489e-03	1.890e-02
36	3.742e-02	2.838e-04	9.612e-02	8.989e-02	1.192e-01	0.000e+00	-9.985e-02	-1.255e-02	3.625e-01	-9.646e-02	2.020e-02	2.020e-02	3.453e-03	2.020e-02
36	4.616e-02	0.000e+00	9.327e-02	9.021e-02	1.135e-01	-5.870e-03	-9.994e-02	-1.277e-02	4.062e-01	-9.729e-02	1.930e-02	1.932e-02	3.478e-03	1.931e-02
36	4.035e-02	5.853e-04	9.328e-02	9.070e-02	1.128e-01	-1.932e-02	-9.993e-02	-1.174e-02	3.841e-01	-9.738e-02	1.883e-02	1.894e-02	3.539e-03	1.885e-02
36	3.853e-02	8.313e-04	9.129e-02	9.132e-02	1.128e-01	-3.646e-03	-1.000e-01	-1.260e-02	3.759e-01	-9.676e-02	1.972e-02	1.978e-02	3.422e-03	1.972e-02
37	3.524e-02	1.710e-04	9.255e-02	9.010e-02	1.211e-01	0.000e+00	-9.980e-02	-1.212e-02	3.331e-01	-9.677e-02	2.008e-02	2.012e-02	3.415e-03	2.009e-02
37	3.457e-02	5.622e-04	9.448e-02	9.095e-02	1.152e-01	-8.764e-03	-9.979e-02	-1.293e-02	3.698e-01	-9.714e-02	1.956e-02	1.960e-02	3.477e-03	1.957e-02
37	3.522e-02	1.450e-04	9.450e-02	9.132e-02	1.190e-01	-5.007e-03	-1.000e-01	-1.186e-02	3.697e-01	-9.608e-02	1.937e-02	1.942e-02	3.464e-03	1.937e-02
37	3.506e-02	1.137e-03	9.141e-02	9.081e-02	1.151e-01	0.000e+00	-9.991e-02	-1.254e-02	3.900e-01	-9.733e-02	2.059e-02	2.061e-02	3.391e-03	2.059e-02
37	3.802e-02	7.050e-04	9.408e-02	9.154e-02	1.135e-01	-1.281e-02	-9.986e-02	-1.177e-02	3.795e-01	-9.632e-02	1.879e-02	1.880e-02	3.503e-03	1.879e-02
37	3.987e-02	9.838e-04	9.467e-02	8.990e-02	1.192e-01	0.000e+00	-9.981e-02	-1.423e-02	3.972e-01	-9.664e-02	1.924e-02	1.925e-02	3.468e-03	1.924e-02
37	3.669e-02	1.346e-06	9.533e-02	9.078e-02	1.224e-01	-3.260e-03	-9.991e-02	-1.136e-02	3.725e-01	-9.849e-02	1.900e-02	1.922e-02	3.471e-03	1.901e-02
37	3.836e-02	4.891e-04	9.417e-02	9.046e-02	1.133e-01	-1.032e-03	-9.986e-02	-1.363e-02	4.036e-01	-9.722e-02	2.072e-02	2.082e-02	3.431e-03	2.075e-02
38	3.817e-02	8.315e-04	9.700e-02	9.006e-02	1.145e-01	0.000e+00	-9.984e-02	-1.307e-02	3.968e-01	-9.703e-02	2.034e-02	2.035e-02	3.452e-03	2.034e-02
38	3.983e-02	8.704e-04	9.490e-02	9.007e-02	1.156e-01	0.000e+00	-9.971e-02	-1.351e-02	4.016e-01	-9.651e-02	1.935e-02	1.939e-02	3.448e-03	1.935e-02
38	3.925e-02	6.955e-04	9.100e-02	9.027e-02	1.157e-01	-1.362e-03	-9.983e-02	-1.295e-02	3.653e-01	-9.775e-02	2.005e-02	2.007e-02	3.414e-03	2.004e-02
38	3.285e-02	4.465e-04	9.524e-02	9.077e-02	1.169e-01	-6.064e-03	-9.980e-02	-1.308e-02	3.924e-01	-9.686e-02	1.952e-02	1.952e-02	3.466e-03	1.952e-02
38	3.645e-02	9.372e-04	9.578e-02	9.017e-02	1.161e-01	-2.048e-03	-9.984e-02	-1.351e-02	3.911e-01	-9.678e-02	2.033e-02	2.034e-02	3.459e-03	2.033e-02
38	3.554e-02	1.083e-03	9.460e-02	8.984e-02	1.146e-01	0.000e+00	-9.993e-02	-1.343e-02	4.108e-01	-9.727e-02	2.006e-02	2.014e-02	3.421e-03	2.005e-02
38	3.358e-02	9.538e-04	9.504e-02	9.089e-02	1.150e-01	-1.178e-03	-9.986e-02	-1.320e-02	4.310e-01	-9.797e-02	2.009e-02	2.019e-02	3.430e-03	2.010e-02
38	3.504e-02	2.437e-04	9.028e-02	9.084e-02	1.167e-01	-2.047e-03	-9.979e-02	-1.310e-02	3.762e-01	-9.740e-02	1.972e-02	1.973e-02	3.399e-03	1.971e-02
39	3.611e-02	8.841e-04	9.423e-02	9.024e-02	1.162e-01	-2.622e-03	-9.981e-02	-1.352e-02	3.959e-01	-9.707e-02	2.074e-02	2.077e-02	3.448e-03	2.074e-02
39	3.980e-02	5.791e-04	9.367e-02	9.054e-02	1.133e-01	-3.992e-03	-9.974e-02	-1.441e-02	3.947e-01	-9.635e-02	1.928e-02	1.930e-02	3.463e-03	1.928e-02
39	3.543e-02	1.472e-03	9.343e-02	9.130e-02	1.103e-01	-4.822e-03	-9.983e-02	-1.430e-02	4.224e-01	-9.736e-02	1.989e-02	1.992e-02	3.443e-03	1.989e-02
39	3.874e-02	1.182e-03	9.075e-02	9.106e-02	1.121e-01	-3.058e-03	-9.980e-02	-1.448e-02	4.395e-01	-9.698e-02	1.954e-02	1.956e-02	3.424e-03	1.954e-02
39	3.751e-02	7.606e-04	9.559e-02	8.963e-02	1.178e-01	-1.268e-03	-9.984e-02	-1.349e-02	3.442e-01	-9.747e-02	1.996e-02	1.998e-02	3.461e-03	1.996e-02
39	3.792e-02	6.762e-04	9.882e-02	8.989e-02	1.135e-01	0.000e+00	-9.980e-02	-1.431e-02	4.376e-01	-9.732e-02	1.995e-02	2.010e-02	3.472e-03	1.996e-02
39	3.397e-02	1.775e-03	9.116e-02	9.062e-02	1.143e-01	0.000e+00	-9.984e-02	-1.434e-02	4.215e-01	-9.735e-02	2.041e-02	2.052e-02	3.399e-03	2.041e-02
39	3.920e-02	1.263e-03	9.518e-02	8.985e-02	1.182e-01	0.000e+00	-9.987e-02	-1.384e-02	3.719e-01	-9.722e-02	2.008e-02	2.011e-02	3.467e-03	2.009e-02
40	3.268e-02	1.204e-03	9.193e-02	9.063e-02	1.169e-01	-2.218e-03	-9.981e-02	-1.305e-02	3.915e-01	-9.754e-02	2.023e-02	2.024e-02	3.412e-03	2.023e-02
40	3.443e-02	6.263e-04	9.359e-02	8.982e-02	1.164e-01	0.000e+00	-9.982e-02	-1.360e-02	3.952e-01	-9.700e-02	2.061e-02	2.067e-02	3.413e-03	2.061e-02
40	3.578e-02	1.015e-03	9.497e-02	8.997e-02	1.145e-01	-2.700e-03	-9.979e-02	-1.497e-02	4.085e-01	-9.730e-02	1.995e-02	1.996e-02	3.459e-03	1.995e-02
40	2.823e-02	1.386e-03	9.072e-02	9.068e-02	1.161e-01	-1.712e-03	-9.983e-02	-1.429e-02	4.265e-01	-9.649e-02	2.000e-02	2.008e-02	3.387e-03	2.000e-02
40	3.679e-02	1.521e-03	9.300e-02	9.051e-02	1.155e-01	-3.548e-03	-9.988e-02	-1.469e-02	4.180e-01	-9.769e-02	1.964e-02	1.976e-02	3.460e-03	1.964e-02
40	3.618e-02	1.800e-03	9.399e-02	9.052e-02	1.133e-01	0.000e+00	-9.991e-02	-1.270e-02	4.121e-01	-9.694e-02	2.016e-02	2.019e-02	3.416e-03	2.017e-02
40	3.405e-02	9.105e-04	9.144e-02	9.082e-02	1.137e-01	-1.957e-03	-9.989e-02	-1.169e-02	4.012e-01	-9.719e-02	1.991e-02	1.993e-02	3.382e-03	1.991e-02
40	3.154e-02	1.751e-03	9.015e-02	9.100e-02	1.120e-01	-2.961e-03	-9.984e-02	-1.402e-02	4.237e-01	-9.701e-02	2.021e-02	2.030e-02	3.386e-03	2.021e-02
41	3.273e-02	1.701e-03	9.176e-02	9.004e-02	1.170e-01	-2.298e-03	-9.982e-02	-1.347e-02	3.848e-01	-9.745e-02	1.993e-02	1.993e-02	3.415e-03	1.993e-02
41	3.340e-02	9.258e-04	9.078e-02	8.995e-02	1.201e-01	0.000e+00	-9.987e-02	-1.255e-02	3.690e-01	-9.704e-02	1.990e-02	1.990e-02	3.394e-03	1.990e-02
41	3.275e-02	1.669e-03	9.186e-02	9.046e-02	1.139e-01	-3.639e-03	-9.979e-02	-1.391e-02	4.192e-01	-9.709e-02	2.007e-02	2.007e-02	3.415e-03	2.007e-02
41	3.455e-02	2.722e-04	9.161e-02	8.985e-02	1.163e-01	-6.939e-04	-9.985e-02	-1.188e-02	3.626e-01	-9.723e-02	2.051e-02	2.053e-02	3.381e-03	2.051e-02
41	3.982e-02	7.057e-04	9.314e-02	8.989e-02	1.139e-01	-2.048e-03	-9.980e-02	-1.277e-02	3.864e-01	-9.627e-02	1.969e-02	1.975e-02	3.428e-03	1.969e-02
41	3.020e-02	1.627e-03	9.333e-02	9.030e-02	1.148e-01	0.000e+00	-9.981e-02	-1.405e-02	4.376e-01	-9.668e-02	2.016e-02	2.019e-02	3.400e-03	2.016e-02
41	3.533e-02	7.365e-04	9.391e-02	9.006e-02	1.167e-01	-3.589e-03	-9.987e-02	-1.303e-02	3.980e-01	-9.655e-02	1.936e-02	1.941e-02	3.442e-03	1.936e-02
41	3.451e-02	8.583e-04	9.267e-02	9.000e-02	1.165e-01	-2.152e-03	-9.993e-02	-1.295e-02	3.671e-01	-9.675e-02	2.007e-02	2.008e-02	3.418e-03	2.007e-02
42	3.472e-02	5.482e-04	9.086e-02	9.043e-02	1.161e-01	-2.492e-03	-9.984e-02	-1.210e-02	3.653e-01	-9.719e-02	1.989e-02	1.990e-02	3.394e-03	1.989e-02
42	3.183e-02	8.549e-04	9.063e-02	9.066e-02	1.160e-01	-1.725e-03	-9.980e-02	-1.225e-02	3.859e-01	-9.710e-02	2.037e-02	2.037e-02	3.377e-03	2.037e-02
42	3.156e-02	5.180e-04	9.088e-02	8.968e-02	1.162e-01	0.000e+00	-9.987e-02	-1.236e-02	3.859e-01	-9.693e-02	2.060e-02	2.061e-02	3.360e-03	2.060e-02
42	3.822e-02	8.353e-04	9.196e-02	8.978e-02	1.156e-01	-2.107e-03	-9.982e-02	-1.419e-02	3.786e-01	-9.685e-02	2.013e-02	2.016e-02	3.432e-03	2.013e-02
42	2.890e-02	4.025e-04	9.313e-02	8.978e-02	1.188e-01	0.000e+00	-9.985e-02	-1.279e-02	3.742e-01	-9.708e-02	2.148e-02	2.156e-02	3.387e-03	2.148e-02
42	3.856e-02	8.856e-04	9.388e-02	8.993e-02	1.148e-01	-2.691e-03	-9.984e-02	-1.283e-02	3.778e-01	-9.704e-02	1.954e-02	1.955e-02	3.441e-03	1.954e-02
42	2.545e-02	6.925e-04	9.123e-02	9.027e-02	1.171e-01	0.000e+00	-9.989e-02	-1.254e-02	4.178e-01	-9.721e-02	2.069e-02	2.079e-02	3.348e-03	2.070e-02
42	3.808e-02	3.582e-04	9.252e-02	9.006e-02	1.163e-01	-2.713e-03	-9.982e-02	-1.075e-02	3.619e-01	-9.698e-02	1.982e-02	1.999e-02	3.409e-03	1.984e-02
43	3.178e-02	4.532e-04	9.403e-02	9.001e-02	1.185e-01	0.000e+00	-9.986e-02	-1.214e-02	3.644e-01	-9.780e-02	2.038e-02	2.039e-02	3.402e-03	2.038e-02
43	2.498e-02	2.757e-04	9.198e-02	9.059e-02	1.163e-01	-1.996e-03	-9.987e-02	-1.266e-02	4.117e-01	-9.698e-02	2.022e-02	2.023e-02	3.362e-03	2.022e-02
43	2.307e-02	1.313e-03	9.141e-02	9.011e-02	1.164e-01	-1.272e-03	-9.986e-02	-1.370e-02	4.284e-01	-9.720e-02	2.056e-02	2.057e-02	3.355e-03	2.056e-02
43	3.344e-02	0.000e+00	9.660e-02	8.895e-02	1.192e-01	0.000e+00	-9.983e-02	-1.310e-02	3.848e-01	-9.743e-02	2.006e-02	2.008e-02	3.434e-03	2.006e-02
43	3.050e-02	6.658e-04	9.212e-02	9.005e-02	1.178e-01	-4.358e-04	-9.988e-02	-1.217e-02	3.997e-01	-9.667e-02	2.019e-02	2.019e-02	3.380e-03	2.019e-02
43	2.775e-02	4.014e-04	9.254e-02	8.997e-02	1.174e-01	-1.391e-03	-9.989e-02	-1.190e-02	4.038e-01	-9.684e-02	2.048e-02	2.051e-02	3.370e-03	2.048e-02
43	2.431e-02	7.351e-04	8.949e-02	8.966e-02	1.199e-01	0.000e+00	-9.988e-02	-1.308e-02	3.889e-01	-9.756e-02	2.014e-02	2.015e-02	3.341e-03	2.014e-02
43	2.662e-02	1.079e-03	9.136e-02	9.034e-02	1.146e-01	-7.704e-04	-9.983e-02	-1.393e-02	4.337e-01	-9.718e-02	2.058e-02	2.062e-02	3.362e-03	2.059e-02
44	3.044e-02	3.286e-04	9.506e-02	9.010e-02	1.171e-01	-1.338e-03	-9.986e-02	-1.319e-02	4.219e-01	-9.684e-02	1.992e-02	1.993e-02	3.416e-03	1.992e-02
44	2.131e-02	1.172e-03	9.259e-02	9.003e-02	1.148e-01	0.000e+00	-9.986e-02	-1.195e-02	4.416e-01	-9.703e-02	2.065e-02	2.076e-02	3.326e-03	2.065e-02
44	2.708e-02	4.363e-04	9.160e-02	9.023e-02	1.148e-01	-3.862e-04	-9.988e-02	-1.214e-02	3.996e-01	-9.699e-02	2.071e-02	2.072e-02	3.344e-03	2.071e-02
44	2.577e-02	1.017e-03	9.353e-02	8.956e-02	1.175e-01	-8.276e-04	-9.986e-02	-1.348e-02	4.296e-01	-9.736e-02	2.066e-02	2.070e-02	3.382e-03	2.066e-02
44	2.721e-02	1.288e-03	9.197e-02	9.082e-02	1.168e-01	-2.495e-03	-9.991e-02	-1.351e-02	4.232e-01	-9.792e-02	2.117e-02	2.120e-02	3.393e-03	2.117e-02
44	2.535e-02	1.032e-03	9.155e-02	9.013e-02	1.145e-01	-1.092e-03	-9.989e-02	-1.456e-02	4.325e-01	-9.726e-02	2.027e-02	2.028e-02	3.366e-03	2.027e-02
44	2.780e-02	6.793e-04	9.190e-02	9.034e-02	1.171e-01	-1.195e-03	-9.990e-02	-1.366e-02	4.119e-01	-9.733e-02	2.065e-02	2.065e-02	3.383e-03	2.065e-02
44	1.902e-02	1.727e-03	9.037e-02	9.048e-02	1.173e-01	-4.669e-04	-9.987e-02	-1.395e-02	4.399e-01	-9.778e-02	2.074e-02	2.076e-02	3.335e-03	2.074e-02
45	2.125e-02	9.318e-04	9.162e-02	9.104e-02	1.148e-01	-2.078e-03	-9.994e-02	-1.293e-02	4.508e-01	-9.722e-02	2.058e-02	2.058e-02	3.344e-03	2.058e-02
45	2.604e-02	9.550e-04	9.193e-02	9.030e-02	1.180e-01	-2.100e-03	-9.988e-02	-1.375e-02	4.250e-01	-9.709e-02	2.118e-02	2.119e-02	3.388e-03	2.118e-02
45	2.679e-02	1.260e-03	9.092e-02	9.118e-02	1.144e-01	-2.689e-03	-9.991e-02	-1.351e-02	4.331e-01	-9.735e-02	2.063e-02	2.063e-02	3.376e-03	2.063e-02
45	2.132e-02	6.412e-04	9.288e-02	9.050e-02	1.171e-01	-8.752e-04	-9.995e-02	-1.247e-02	4.273e-01	-9.728e-02	2.089e-02	2.093e-02	3.351e-03	2.089e-02
45	3.061e-02	1.179e-03	9.221e-02	9.058e-02	1.176e-01	-7.563e-04	-9.996e-02	-1.223e-02	3.902e-01	-9.716e-02	1.974e-02	1.975e-02	3.390e-03	1.974e-02
45	2.063e-02	3.821e-04	9.133e-02	9.027e-02	1.183e-01	-1.353e-03	-9.986e-02	-1.257e-02	4.109e-01	-9.790e-02	2.034e-02	2.035e-02	3.338e-03	2.034e-02
45	2.729e-02	1.406e-03	9.026e-02	9.063e-02	1.165e-01	-1.724e-03	-9.989e-02	-1.320e-02	4.061e-01	-9.750e-02	2.026e-02	2.027e-02	3.370e-03	2.026e-02
45	2.429e-02	9.351e-04	9.181e-02	9.012e-02	1.189e-01	-9.854e-04	-9.991e-02	-1.282e-02	4.100e-01	-9.789e-02	2.061e-02	2.061e-02	3.365e-03	2.060e-02
46	2.182e-02	1.285e-03	9.215e-02	9.000e-02	1.178e-01	-1.365e-03	-9.989e-02	-1.334e-02	4.196e-01	-9.724e-02	2.058e-02	2.059e-02	3.362e-03	2.058e-02
46	2.057e-02	9.191e-04	9.031e-02	9.021e-02	1.193e-01	-1.760e-03	-9.990e-02	-1.289e-02	4.131e-01	-9.698e-02	2.039e-02	2.040e-02	3.344e-03	2.040e-02
46	2.269e-02	7.361e-04	9.080e-02	8.980e-02	1.176e-01	0.000e+00	-9.986e-02	-1.312e-02	4.131e-01	-9.699e-02	2.056e-02	2.062e-02	3.336e-03	2.056e-02
46	2.469e-02	4.486e-04	9.309e-02	8.985e-02	1.180e-01	-1.271e-03	-9.989e-02	-1.271e-02	4.160e-01	-9.673e-02	2.075e-02	2.075e-02	3.370e-03	2.075e-02
46	2.794e-02	8.552e-04	9.248e-02	9.068e-02	1.168e-01	-3.268e-03	-9.997e-02	-1.240e-02	4.122e-01	-9.658e-02	2.002e-02	2.003e-02	3.396e-03	2.002e-02
46	2.517e-02	1.183e-03	9.248e-02	9.067e-02	1.149e-01	-2.441e-03	-9.989e-02	-1.345e-02	4.491e-01	-9.719e-02	2.102e-02	2.107e-02	3.376e-03	2.102e-02
46	2.473e-02	8.154e-04	9.151e-02	9.067e-02	1.171e-01	-2.217e-03	-9.990e-02	-1.274e-02	4.057e-01	-9.709e-02	2.096e-02	2.100e-02	3.368e-03	2.095e-02
46	2.383e-02	1.121e-03	9.104e-02	9.077e-02	1.180e-01	-2.053e-03	-9.989e-02	-1.370e-02	4.113e-01	-9.760e-02	2.048e-02	2.050e-02	3.374e-03	2.049e-02
47	2.600e-02	5.506e-04	9.055e-02	9.056e-02	1.143e-01	-3.125e-03	-9.987e-02	-1.208e-02	3.997e-01	-9.683e-02	2.053e-02	2.055e-02	3.349e-03	2.053e-02
47	2.792e-02	8.766e-04	9.226e-02	9.044e-02	1.167e-01	-2.695e-03	-9.986e-02	-1.269e-02	4.160e-01	-9.717e-02	2.090e-02	2.091e-02	3.387e-03	2.090e-02
47	2.391e-02	1.113e-03	9.201e-02	9.107e-02	1.161e-01	-3.037e-03	-9.994e-02	-1.279e-02	4.181e-01	-9.737e-02	2.053e-02	2.055e-02	3.376e-03	2.053e-02
47	2.264e-02	5.387e-04	9.269e-02	9.074e-02	1.191e-01	-2.210e-03	-9.995e-02	-1.222e-02	4.226e-01	-9.680e-02	1.995e-02	1.996e-02	3.372e-03	1.995e-02
47	2.597e-02	7.023e-04	9.301e-02	8.990e-02	1.158e-01	-1.506e-03	-9.984e-02	-1.280e-02	4.359e-01	-9.673e-02	2.029e-02	2.033e-02	3.368e-03	2.029e-02
47	2.185e-02	8.939e-04	9.212e-02	9.018e-02	1.170e-01	-1.909e-03	-9.990e-02	-1.320e-02	4.476e-01	-9.719e-02	2.044e-02	2.046e-02	3.356e-03	2.045e-02
47	2.675e-02	6.425e-04	9.337e-02	9.004e-02	1.174e-01	-2.051e-03	-9.979e-02	-1.369e-02	4.144e-01	-9.717e-02	2.022e-02	2.030e-02	3.396e-03	2.021e-02
47	2.089e-02	8.652e-04	9.223e-02	9.038e-02	1.192e-01	-1.753e-03	-9.988e-02	-1.318e-02	4.353e-01	-9.746e-02	1.999e-02	2.006e-02	3.364e-03	1.999e-02
48	3.146e-02	6.323e-04	9.246e-02	9.031e-02	1.155e-01	-3.001e-03	-9.989e-02	-1.211e-02	3.957e-01	-9.679e-02	1.998e-02	1.999e-02	3.395e-03	1.998e-02
48	2.762e-02	9.402e-04	9.174e-02	9.067e-02	1.151e-01	-3.899e-03	-9.989e-02	-1.211e-02	4.239e-01	-9.720e-02	2.012e-02	2.014e-02	3.378e-03	2.012e-02
48	2.472e-02	6.779e-04	9.220e-02	9.060e-02	1.155e-01	-2.103e-03	-9.987e-02	-1.260e-02	4.299e-01	-9.692e-02	2.079e-02	2.080e-02	3.360e-03	2.079e-02
48	2.475e-02	1.071e-03	9.221e-02	9.061e-02	1.167e-01	-3.830e-03	-9.993e-02	-1.288e-02	4.377e-01	-9.694e-02	2.043e-02	2.045e-02	3.387e-03	2.044e-02
48	2.758e-02	1.027e-03	9.211e-02	9.065e-02	1.167e-01	-1.881e-03	-9.990e-02	-1.309e-02	4.275e-01	-9.765e-02	2.087e-02	2.088e-02	3.386e-03	2.087e-02
48	3.000e-02	4.193e-04	9.361e-02	9.021e-02	1.165e-01	-9.901e-04	-9.985e-02	-1.224e-02	3.957e-01	-9.664e-02	2.032e-02	2.038e-02	3.389e-03	2.033e-02
48	3.297e-02	6.322e-04	9.257e-02	9.018e-02	1.163e-01	-2.847e-03	-9.987e-02	-1.174e-02	3.812e-01	-9.692e-02	1.988e-02	1.988e-02	3.401e-03	1.988e-02
48	2.890e-02	9.886e-04	9.210e-02	9.092e-02	1.153e-01	-2.808e-03	-9.989e-02	-1.307e-02	4.375e-01	-9.725e-02	2.032e-02	2.033e-02	3.395e-03	2.032e-02
49	2.295e-02	7.682e-04	9.298e-02	9.007e-02	1.174e-01	-1.302e-03	-9.986e-02	-1.298e-02	4.452e-01	-9.658e-02	2.014e-02	2.016e-02	3.365e-03	2.015e-02
49	2.653e-02	9.070e-04	9.166e-02	9.077e-02	1.167e-01	-3.004e-03	-9.988e-02	-1.310e-02	4.323e-01	-9.707e-02	2.034e-02	2.042e-02	3.384e-03	2.035e-02
49	2.646e-02	7.725e-04	9.250e-02	9.052e-02	1.151e-01	-2.023e-03	-9.993e-02	-1.219e-02	4.377e-01	-9.718e-02	2.097e-02	2.099e-02	3.368e-03	2.098e-02
49	2.693e-02	6.148e-04	9.156e-02	9.045e-02	1.167e-01	-7.822e-04	-9.985e-02	-1.270e-02	4.053e-01	-9.750e-02	2.060e-02	2.064e-02	3.363e-03	2.061e-02
49	2.174e-02	7.201e-04	9.242e-02	9.065e-02	1.159e-01	-2.770e-03	-9.990e-02	-1.341e-02	4.486e-01	-9.695e-02	2.040e-02	2.044e-02	3.365e-03	2.040e-02
49	2.332e-02	1.074e-03	9.177e-02	9.064e-02	1.180e-01	-3.183e-03	-9.988e-02	-1.315e-02	4.022e-01	-9.734e-02	2.068e-02	2.070e-02	3.381e-03	2.068e-02
49	2.655e-02	8.931e-04	9.231e-02	9.069e-02	1.152e-01	-8.343e-04	-9.993e-02	-1.239e-02	4.476e-01	-9.726e-02	2.011e-02	2.012e-02	3.359e-03	2.011e-02
49	2.446e-02	8.543e-04	9.140e-02	9.056e-02	1.165e-01	-2.066e-03	-9.988e-02	-1.285e-02	4.289e-01	-9.775e-02	2.057e-02	2.059e-02	3.358e-03	2.056e-02
