Index	edge	1	2	3	4	5	6	7	8	9	finesse_moy	finesse_max	Area	Reward
0	1.579e-02	4.630e-02	7.176e-02	8.847e-02	6.651e-02	-5.025e-02	-6.430e-02	-2.462e-02	7.554e-01	-6.555e-02	1.759e-02	1.760e-02	2.048e-03	1.759e-02
0	3.440e-02	2.570e-02	9.440e-02	4.006e-02	1.161e-01	-4.039e-02	-8.820e-02	-1.929e-02	7.755e-01	-4.395e-02	7.517e-03	7.520e-03	2.136e-03	7.518e-03
0	3.039e-02	2.548e-02	8.462e-02	9.054e-02	8.780e-02	-7.303e-02	-6.591e-02	-6.294e-03	5.475e-01	-2.863e-02	1.425e-02	1.426e-02	2.147e-03	1.425e-02
0	4.096e-02	2.896e-02	7.424e-02	9.823e-02	6.726e-02	-4.627e-02	-7.119e-02	-6.182e-02	7.568e-01	-5.053e-02	1.611e-02	1.614e-02	2.360e-03	1.483e-02
0	1.730e-02	3.096e-02	7.412e-02	9.857e-02	4.719e-02	-5.167e-02	-3.780e-02	-3.234e-02	7.466e-01	3.395e-02	2.132e-02	2.133e-02	1.914e-03	1.899e-02
0	2.623e-02	2.299e-02	1.200e-01	8.922e-02	1.149e-01	-5.846e-02	-7.214e-02	-2.504e-02	7.204e-01	-3.253e-02	1.039e-02	1.048e-02	2.495e-03	-1.786e-02
0	2.355e-02	2.171e-02	1.044e-01	7.618e-02	1.410e-01	-2.037e-02	-8.573e-02	-3.772e-02	7.465e-01	-1.348e-02	5.001e-03	5.010e-03	2.417e-03	-7.670e-03
0	1.193e-02	3.084e-02	7.962e-02	8.129e-02	8.485e-02	-5.772e-02	-2.152e-02	-2.129e-02	7.831e-01	-8.397e-03	2.313e-02	2.314e-02	1.792e-03	-3.587e-03
1	3.559e-02	1.860e-02	2.833e-02	9.480e-02	4.907e-02	-6.804e-02	-2.480e-02	-1.848e-02	3.104e-01	-5.209e-02	1.887e-02	1.887e-02	1.493e-03	-6.779e-02
1	1.025e-02	3.492e-02	6.140e-02	9.238e-02	3.406e-02	-5.624e-02	-5.739e-02	-1.840e-02	7.757e-01	-5.222e-02	1.806e-02	1.810e-02	1.791e-03	-9.005e-03
1	2.590e-02	3.800e-02	6.591e-02	2.008e-02	9.957e-02	-5.188e-02	-6.828e-02	-1.728e-02	7.550e-01	-7.532e-02	9.076e-03	9.086e-03	1.756e-03	-2.495e-02
1	3.796e-02	2.878e-02	6.916e-02	9.765e-02	5.477e-02	-5.076e-02	-5.926e-02	-5.217e-02	7.463e-01	-2.354e-02	1.703e-02	1.704e-02	2.178e-03	1.703e-02
1	4.159e-02	4.431e-02	3.863e-02	9.153e-02	6.369e-02	-6.769e-02	-8.043e-02	-6.937e-02	7.496e-01	-8.204e-02	1.585e-02	1.586e-02	2.364e-03	1.384e-02
1	2.028e-02	6.990e-02	7.714e-02	9.573e-02	1.168e-01	-5.983e-02	-6.712e-02	-1.994e-02	7.480e-01	-3.594e-02	1.010e-02	1.013e-02	2.427e-03	-4.527e-03
1	3.411e-02	4.164e-02	8.978e-02	1.000e-01	8.312e-02	-5.940e-02	-5.385e-02	-1.494e-02	6.878e-01	-6.441e-02	1.500e-02	1.503e-02	2.199e-03	1.500e-02
1	3.795e-02	4.234e-02	9.657e-02	9.387e-02	1.308e-01	-6.633e-02	-2.700e-02	-4.661e-02	6.754e-01	-7.986e-02	4.309e-03	4.383e-03	2.409e-03	-6.669e-03
2	3.334e-02	4.342e-02	9.022e-02	9.746e-02	4.879e-02	-5.681e-02	-6.986e-02	-6.540e-02	7.678e-01	-6.823e-02	1.701e-02	1.702e-02	2.496e-03	-1.147e-02
2	3.254e-02	4.558e-02	9.050e-02	9.775e-02	2.212e-02	-4.562e-02	-5.925e-02	-2.138e-02	7.149e-01	-1.000e-01	1.687e-02	1.688e-02	2.034e-03	1.687e-02
2	1.991e-02	2.433e-02	8.323e-02	9.695e-02	7.168e-02	-1.992e-02	-2.077e-02	-3.795e-02	6.899e-01	-1.119e-02	2.395e-02	2.404e-02	1.780e-03	-5.216e-03
2	3.084e-02	6.028e-02	4.831e-02	9.380e-02	1.862e-02	-5.340e-02	-5.630e-02	-6.151e-02	7.505e-01	-7.187e-02	1.988e-02	1.990e-02	2.093e-03	1.988e-02
2	2.900e-02	4.900e-02	5.307e-02	1.000e-01	4.425e-02	-6.692e-02	-6.748e-02	-3.147e-02	7.593e-01	-3.949e-02	1.556e-02	1.556e-02	2.121e-03	1.556e-02
2	4.239e-02	6.451e-02	7.686e-02	1.000e-01	1.072e-01	-6.189e-02	-8.783e-02	-5.580e-02	7.640e-01	-4.855e-02	8.791e-03	8.795e-03	2.809e-03	-8.217e-02
2	5.000e-03	2.696e-02	5.385e-02	1.000e-01	3.988e-02	-6.094e-02	-6.545e-02	-2.964e-02	6.141e-01	-6.085e-02	1.492e-02	1.495e-02	1.888e-03	7.393e-03
2	2.710e-02	5.371e-02	6.438e-02	1.000e-01	1.283e-01	-3.908e-02	-9.027e-02	-3.062e-02	4.989e-01	-8.475e-02	2.268e-03	2.296e-03	2.462e-03	-1.942e-02
3	3.222e-02	6.316e-02	4.230e-02	4.529e-02	8.178e-02	-6.339e-02	-5.848e-02	-3.281e-02	6.262e-01	-9.035e-02	1.375e-02	1.375e-02	1.903e-03	9.215e-03
3	1.873e-02	4.498e-02	3.392e-02	9.384e-02	6.998e-02	-6.188e-02	-5.890e-02	-3.607e-02	7.097e-01	-5.215e-02	1.559e-02	1.560e-02	1.953e-03	1.559e-02
3	3.519e-02	4.163e-02	8.911e-02	9.278e-02	3.363e-02	-5.199e-02	-4.626e-02	-3.803e-02	7.398e-01	-6.542e-02	1.752e-02	1.752e-02	2.084e-03	1.752e-02
3	5.000e-03	4.067e-02	7.691e-02	9.132e-02	2.852e-02	-6.001e-02	-7.203e-02	-2.529e-03	6.848e-01	-6.770e-02	1.553e-02	1.554e-02	1.882e-03	6.678e-03
3	2.099e-02	3.968e-02	6.655e-02	7.261e-02	5.289e-02	-4.434e-02	-7.053e-02	-3.808e-02	7.309e-01	-9.020e-03	2.042e-02	2.042e-02	2.010e-03	2.042e-02
3	4.120e-02	3.479e-02	8.780e-02	9.595e-02	4.931e-02	-5.636e-02	-5.782e-02	-5.449e-02	7.691e-01	-7.854e-02	1.734e-02	1.735e-02	2.306e-03	1.734e-02
3	2.889e-02	4.628e-02	4.236e-02	1.000e-01	0.000e+00	-3.354e-02	-5.011e-02	-6.967e-02	7.348e-01	-7.943e-02	2.236e-02	2.237e-02	1.886e-03	1.433e-02
3	2.512e-02	6.466e-02	9.222e-02	9.955e-02	6.871e-02	-6.224e-02	-5.367e-02	-7.615e-02	5.728e-01	-7.239e-02	1.825e-02	1.828e-02	2.648e-03	-4.047e-02
4	2.065e-02	4.825e-02	8.997e-02	9.732e-02	5.681e-02	-4.782e-02	-6.958e-02	-3.177e-02	7.478e-01	-2.575e-02	1.630e-02	1.631e-02	2.279e-03	1.630e-02
4	1.508e-02	2.453e-02	6.367e-02	9.306e-02	2.141e-02	-3.764e-02	-6.234e-02	-2.327e-02	7.433e-01	-7.787e-02	1.830e-02	1.833e-02	1.706e-03	-2.560e-02
4	3.571e-02	5.313e-02	4.493e-02	9.531e-02	5.680e-02	-3.420e-02	-7.220e-02	-3.566e-02	7.428e-01	-4.464e-02	1.783e-02	1.784e-02	2.042e-03	1.783e-02
4	1.170e-02	4.167e-02	2.975e-02	7.236e-02	1.532e-02	-3.438e-02	-5.281e-02	-2.416e-02	6.254e-01	-6.952e-02	2.047e-02	2.050e-02	1.404e-03	-8.392e-02
4	3.949e-02	3.855e-02	6.811e-02	9.482e-02	7.005e-03	-5.499e-02	-4.411e-02	-2.541e-02	7.597e-01	-5.165e-02	1.877e-02	1.878e-02	1.815e-03	-3.473e-03
4	2.533e-02	3.307e-02	6.203e-02	8.856e-02	6.372e-02	-5.424e-02	-6.030e-02	-3.491e-02	7.710e-01	-3.491e-02	1.776e-02	1.781e-02	2.014e-03	1.776e-02
4	3.631e-02	7.000e-02	7.498e-02	9.687e-02	8.235e-02	-4.552e-02	-5.058e-02	-4.423e-02	7.463e-01	-1.000e-01	1.786e-02	1.787e-02	2.322e-03	1.786e-02
4	3.234e-02	6.538e-02	9.034e-02	7.073e-02	1.346e-01	-6.306e-02	-6.805e-02	-6.073e-02	5.514e-01	-8.070e-02	1.944e-03	1.952e-03	2.710e-03	-6.921e-02
5	3.566e-02	5.319e-02	5.691e-02	7.816e-02	7.207e-02	-4.812e-02	-6.928e-02	-1.525e-02	7.555e-01	-2.040e-02	2.004e-02	2.005e-02	2.000e-03	2.004e-02
5	1.942e-02	4.892e-02	6.982e-02	8.671e-02	6.094e-02	-4.673e-02	-5.976e-02	-2.623e-02	7.626e-01	-2.489e-02	2.050e-02	2.053e-02	2.020e-03	2.051e-02
5	1.172e-02	5.749e-02	5.663e-02	8.915e-02	8.197e-02	-5.667e-02	-7.052e-02	-2.783e-02	7.645e-01	-8.612e-02	1.451e-02	1.454e-02	2.126e-03	1.451e-02
5	2.573e-02	6.890e-02	7.716e-02	9.279e-02	1.212e-01	-5.484e-02	-7.548e-02	-4.555e-02	6.950e-01	-8.204e-02	5.554e-03	5.561e-03	2.609e-03	-4.535e-02
5	2.836e-02	4.476e-02	7.517e-02	9.716e-02	4.195e-02	-2.689e-02	-5.797e-02	-2.483e-02	7.531e-01	-6.271e-02	1.959e-02	1.960e-02	1.931e-03	1.960e-02
5	3.586e-02	7.000e-02	9.042e-02	9.139e-02	6.656e-02	-5.534e-02	-4.865e-02	-2.151e-02	7.640e-01	-5.568e-02	1.775e-02	1.795e-02	2.248e-03	1.777e-02
5	3.654e-02	5.182e-02	5.424e-02	9.761e-02	1.040e-01	-5.488e-02	-5.596e-02	-2.309e-02	7.599e-01	-4.237e-02	1.113e-02	1.114e-02	2.145e-03	1.113e-02
5	3.486e-02	5.406e-02	8.651e-02	9.632e-02	1.209e-01	-6.343e-02	-6.856e-02	-2.514e-02	7.648e-01	-6.840e-02	5.192e-03	5.218e-03	2.502e-03	-2.445e-02
6	2.191e-02	7.000e-02	3.201e-02	9.249e-02	5.797e-02	-5.952e-02	-4.230e-02	-2.572e-02	7.811e-01	-4.052e-02	2.033e-02	2.034e-02	1.854e-03	5.895e-03
6	1.436e-02	5.611e-02	7.690e-02	6.014e-02	7.862e-02	-5.123e-02	-6.823e-02	-1.869e-02	7.711e-01	-3.128e-02	1.971e-02	1.972e-02	2.031e-03	1.971e-02
6	2.471e-02	3.923e-02	7.673e-02	9.141e-02	7.617e-02	-3.728e-02	-6.417e-02	-2.598e-02	7.532e-01	-7.041e-02	1.750e-02	1.750e-02	2.061e-03	1.750e-02
6	2.262e-02	5.380e-02	8.647e-02	9.896e-02	4.683e-02	-3.984e-02	-6.418e-02	-1.609e-02	7.579e-01	-5.606e-03	1.859e-02	1.863e-02	2.113e-03	1.859e-02
6	2.443e-02	3.057e-02	8.657e-02	9.541e-02	5.526e-02	-5.575e-02	-6.138e-02	-2.000e-02	7.751e-01	-1.786e-02	1.670e-02	1.670e-02	2.082e-03	1.670e-02
6	3.025e-02	5.560e-02	7.541e-02	9.785e-02	5.818e-02	-5.790e-02	-5.333e-02	-1.775e-02	7.690e-01	-8.236e-02	1.695e-02	1.695e-02	2.086e-03	1.695e-02
6	2.807e-02	3.576e-02	7.938e-02	8.649e-02	9.580e-02	-2.860e-02	-6.127e-02	-2.460e-02	7.613e-01	-2.216e-02	1.830e-02	1.831e-02	2.061e-03	1.830e-02
6	2.016e-02	4.839e-02	7.533e-02	9.592e-02	5.443e-02	-3.817e-02	-5.359e-02	-5.515e-02	7.574e-01	-7.159e-02	2.040e-02	2.042e-02	2.159e-03	2.040e-02
7	2.815e-02	4.660e-02	8.721e-02	9.358e-02	7.361e-02	-4.045e-02	-7.120e-02	-2.649e-02	7.503e-01	-1.266e-02	1.803e-02	1.804e-02	2.258e-03	1.803e-02
7	1.099e-02	5.202e-02	5.540e-02	9.679e-02	5.463e-02	-5.263e-02	-6.306e-02	-6.386e-02	7.650e-01	-6.008e-02	1.872e-02	1.877e-02	2.218e-03	1.872e-02
7	1.266e-02	4.316e-02	5.819e-02	8.231e-02	5.749e-02	-3.796e-02	-6.935e-02	-3.439e-02	7.766e-01	-6.668e-02	1.968e-02	1.975e-02	1.930e-03	1.969e-02
7	3.157e-02	3.556e-02	8.233e-02	7.803e-02	5.885e-02	-5.794e-02	-6.412e-02	-3.733e-02	7.485e-01	-5.084e-02	1.773e-02	1.775e-02	2.148e-03	1.773e-02
7	2.592e-02	5.826e-02	8.746e-02	9.366e-02	6.948e-02	-3.864e-02	-6.079e-02	-4.189e-02	7.629e-01	-7.305e-02	1.853e-02	1.858e-02	2.292e-03	1.854e-02
7	3.154e-02	3.926e-02	7.969e-02	9.358e-02	9.767e-02	-4.458e-02	-4.249e-02	-2.025e-02	7.732e-01	-4.787e-02	1.688e-02	1.689e-02	2.035e-03	1.688e-02
7	1.724e-02	6.671e-02	8.693e-02	9.413e-02	5.201e-02	-5.573e-02	-6.649e-02	-2.010e-02	7.645e-01	-1.920e-02	1.692e-02	1.695e-02	2.256e-03	1.693e-02
7	1.852e-02	5.093e-02	8.239e-02	9.028e-02	5.980e-02	-5.307e-02	-7.229e-02	-4.167e-02	7.535e-01	-7.078e-02	1.732e-02	1.734e-02	2.296e-03	1.732e-02
8	1.052e-02	4.353e-02	5.900e-02	9.385e-02	4.718e-02	-1.953e-02	-6.136e-02	-3.966e-02	7.628e-01	-5.979e-02	2.063e-02	2.066e-02	1.864e-03	8.155e-03
8	8.017e-03	5.518e-02	7.606e-02	9.251e-02	5.993e-02	-3.747e-02	-6.010e-02	-3.189e-02	7.739e-01	-4.928e-02	1.965e-02	1.966e-02	2.067e-03	1.965e-02
8	7.429e-03	4.738e-02	8.210e-02	9.118e-02	7.951e-02	-5.567e-02	-6.370e-02	-2.356e-02	7.719e-01	-8.774e-02	1.582e-02	1.583e-02	2.144e-03	1.582e-02
8	9.757e-03	5.659e-02	8.091e-02	2.038e-02	7.080e-02	-4.942e-02	-7.037e-02	-6.006e-02	7.798e-01	-5.734e-02	2.040e-02	2.041e-02	2.084e-03	2.040e-02
8	1.379e-02	3.983e-02	5.781e-02	9.029e-02	3.931e-02	-3.645e-02	-6.672e-02	-3.335e-02	7.668e-01	-3.480e-02	1.927e-02	1.929e-02	1.885e-03	1.110e-02
8	2.011e-02	4.429e-02	7.360e-02	9.346e-02	4.420e-02	-3.243e-02	-6.990e-02	-9.070e-02	7.684e-01	-8.025e-02	2.465e-02	2.470e-02	2.384e-03	1.873e-02
8	2.112e-02	6.432e-02	8.586e-02	1.000e-01	5.434e-02	-4.041e-02	-5.946e-02	-3.309e-02	7.676e-01	-8.325e-02	1.867e-02	1.870e-02	2.224e-03	1.868e-02
8	2.296e-02	5.072e-02	8.282e-02	9.406e-02	5.305e-02	-3.770e-02	-6.430e-02	-7.848e-02	7.741e-01	-8.192e-02	2.220e-02	2.222e-02	2.414e-03	1.013e-02
9	1.386e-02	5.595e-02	8.934e-02	1.000e-01	4.853e-02	-3.186e-02	-7.074e-02	-5.533e-02	7.700e-01	-7.011e-02	1.867e-02	1.868e-02	2.348e-03	1.867e-02
9	9.319e-03	5.406e-02	8.597e-02	8.997e-02	5.204e-02	-5.207e-02	-6.184e-02	-7.038e-02	7.776e-01	-3.430e-02	1.832e-02	1.833e-02	2.407e-03	7.798e-03
9	1.187e-02	6.478e-02	8.875e-02	9.393e-02	6.882e-02	-3.566e-02	-6.196e-02	-3.123e-02	7.858e-01	-4.078e-02	1.876e-02	1.877e-02	2.235e-03	1.876e-02
9	1.728e-02	4.702e-02	7.670e-02	8.602e-02	6.036e-02	-4.166e-02	-6.258e-02	-2.255e-02	7.682e-01	-1.170e-02	2.015e-02	2.016e-02	2.021e-03	2.015e-02
9	1.129e-02	5.544e-02	7.862e-02	9.383e-02	4.135e-02	-2.939e-02	-6.914e-02	-6.897e-02	7.882e-01	-4.518e-02	1.946e-02	1.946e-02	2.300e-03	1.946e-02
9	5.000e-03	5.737e-02	8.488e-02	8.807e-02	6.847e-02	-3.198e-02	-6.706e-02	-3.317e-02	7.883e-01	-4.603e-02	1.914e-02	1.938e-02	2.156e-03	1.934e-02
9	2.972e-02	4.787e-02	9.111e-02	9.650e-02	5.532e-02	-5.203e-02	-6.377e-02	-3.947e-02	7.617e-01	-8.544e-02	1.677e-02	1.678e-02	2.301e-03	1.677e-02
9	9.313e-03	5.486e-02	8.691e-02	9.390e-02	8.100e-02	-4.175e-02	-7.047e-02	-3.963e-02	7.759e-01	-8.702e-02	1.719e-02	1.723e-02	2.316e-03	1.719e-02
10	3.287e-02	3.634e-02	7.201e-02	1.000e-01	6.029e-02	-5.092e-02	-6.580e-02	-1.617e-02	7.822e-01	-6.822e-02	1.573e-02	1.574e-02	2.043e-03	1.573e-02
10	9.272e-03	6.342e-02	7.868e-02	9.345e-02	6.416e-02	-4.775e-02	-6.175e-02	-3.394e-02	7.592e-01	-4.969e-02	1.817e-02	1.818e-02	2.208e-03	1.816e-02
10	5.000e-03	5.255e-02	7.267e-02	8.072e-02	6.461e-02	-3.667e-02	-6.937e-02	-2.697e-02	7.893e-01	-6.123e-02	1.956e-02	1.956e-02	2.003e-03	1.956e-02
10	1.593e-02	4.854e-02	8.701e-02	9.109e-02	4.299e-02	-3.070e-02	-5.986e-02	-2.246e-02	7.852e-01	-2.552e-02	1.948e-02	1.949e-02	1.989e-03	1.948e-02
10	8.119e-03	4.337e-02	8.955e-02	9.776e-02	7.922e-02	-4.447e-02	-6.972e-02	-1.000e-01	7.801e-01	-7.591e-02	2.148e-02	2.149e-02	2.669e-03	-4.159e-02
10	1.179e-02	5.724e-02	9.124e-02	9.715e-02	6.219e-02	-3.174e-02	-6.206e-02	-4.547e-02	7.795e-01	-8.048e-02	1.923e-02	1.923e-02	2.263e-03	1.923e-02
10	5.000e-03	5.338e-02	8.762e-02	8.805e-02	5.727e-02	-3.364e-02	-6.084e-02	-1.494e-02	7.657e-01	3.549e-02	2.263e-02	2.264e-02	2.014e-03	2.263e-02
10	2.131e-02	6.231e-02	5.307e-02	9.267e-02	6.269e-02	-3.093e-02	-7.124e-02	-6.284e-02	7.726e-01	-6.552e-02	2.162e-02	2.164e-02	2.238e-03	2.162e-02
11	6.492e-03	5.215e-02	5.782e-02	9.210e-02	5.535e-02	-3.613e-02	-7.064e-02	-4.255e-02	7.746e-01	-3.923e-02	1.905e-02	1.905e-02	2.058e-03	1.905e-02
11	1.223e-02	5.098e-02	5.880e-02	9.482e-02	6.024e-02	-3.196e-02	-6.501e-02	-5.031e-02	7.745e-01	-4.471e-02	1.933e-02	1.934e-02	2.093e-03	1.932e-02
11	1.650e-02	5.011e-02	6.303e-02	9.794e-02	5.320e-02	-3.543e-02	-5.149e-02	-1.781e-02	7.633e-01	-5.068e-02	2.008e-02	2.009e-02	1.844e-03	3.740e-03
11	9.049e-03	7.000e-02	8.432e-02	4.245e-02	8.113e-02	-4.133e-02	-6.981e-02	-3.233e-02	7.770e-01	-3.708e-02	1.908e-02	1.908e-02	2.102e-03	1.908e-02
11	1.709e-02	5.204e-02	7.858e-02	1.000e-01	3.977e-02	-1.560e-02	-6.825e-02	-2.690e-02	7.591e-01	-3.888e-02	1.865e-02	1.866e-02	2.004e-03	1.865e-02
11	1.872e-02	4.028e-02	7.031e-02	4.642e-02	8.305e-02	-2.348e-02	-6.233e-02	-2.988e-02	7.567e-01	-7.740e-02	1.942e-02	1.943e-02	1.771e-03	-1.165e-02
11	1.765e-02	4.820e-02	8.930e-02	9.263e-02	6.131e-02	-4.348e-02	-6.885e-02	-1.403e-02	7.819e-01	-2.052e-02	1.844e-02	1.845e-02	2.127e-03	1.845e-02
11	1.941e-02	6.119e-02	7.529e-02	9.016e-02	7.326e-02	-3.461e-02	-7.012e-02	-3.814e-02	7.717e-01	-8.066e-02	1.906e-02	1.907e-02	2.226e-03	1.906e-02
12	1.017e-02	4.569e-02	6.530e-02	9.984e-02	4.430e-02	-3.407e-02	-6.789e-02	-2.921e-02	7.516e-01	-1.543e-02	1.821e-02	1.825e-02	1.988e-03	1.821e-02
12	1.492e-02	5.699e-02	6.764e-02	5.966e-02	5.489e-02	-2.458e-02	-6.676e-02	-1.388e-02	7.710e-01	-5.843e-02	2.168e-02	2.169e-02	1.749e-03	-1.377e-02
12	1.319e-02	5.768e-02	4.640e-02	7.564e-02	6.141e-02	-2.487e-02	-7.264e-02	-1.552e-02	7.640e-01	-1.020e-02	2.320e-02	2.322e-02	1.787e-03	-4.640e-03
12	2.402e-02	5.338e-02	8.375e-02	6.844e-02	8.017e-02	-5.508e-02	-6.826e-02	-2.138e-02	7.718e-01	-6.028e-02	1.738e-02	1.739e-02	2.148e-03	1.738e-02
12	1.224e-02	4.106e-02	8.791e-02	8.886e-02	7.651e-02	-4.285e-02	-6.479e-02	-5.924e-02	7.879e-01	-1.402e-02	1.787e-02	1.787e-02	2.349e-03	1.787e-02
12	5.000e-03	6.535e-02	7.580e-02	8.842e-02	5.342e-02	-3.533e-02	-7.130e-02	-1.984e-02	7.847e-01	-4.705e-02	1.863e-02	1.866e-02	2.057e-03	1.863e-02
12	1.976e-02	5.341e-02	5.209e-02	5.469e-02	5.913e-02	-3.127e-02	-6.957e-02	-1.957e-02	7.830e-01	-3.954e-02	2.209e-02	2.213e-02	1.731e-03	-1.691e-02
12	1.150e-02	4.338e-02	6.013e-02	9.293e-02	5.254e-02	-3.777e-02	-7.159e-02	-8.556e-02	7.741e-01	-3.078e-02	2.041e-02	2.042e-02	2.321e-03	2.041e-02
13	1.383e-02	4.991e-02	8.095e-02	9.938e-02	4.336e-02	-3.398e-02	-7.114e-02	-5.544e-02	7.791e-01	-4.565e-02	1.731e-02	1.731e-02	2.274e-03	1.731e-02
13	1.300e-02	4.320e-02	5.834e-02	8.852e-02	7.065e-02	-5.497e-02	-6.632e-02	-2.382e-02	7.641e-01	-5.525e-02	1.693e-02	1.694e-02	1.991e-03	1.693e-02
13	1.206e-02	5.716e-02	6.076e-02	9.269e-02	5.893e-02	-3.362e-02	-6.771e-02	-2.355e-02	7.688e-01	-3.029e-02	1.992e-02	1.993e-02	1.985e-03	1.992e-02
13	1.011e-02	4.141e-02	6.498e-02	9.573e-02	4.883e-02	-4.351e-02	-7.012e-02	-2.962e-02	7.628e-01	-5.903e-02	1.747e-02	1.748e-02	1.995e-03	1.747e-02
13	1.759e-02	4.806e-02	7.058e-02	8.329e-02	6.347e-02	-5.160e-02	-6.983e-02	-1.406e-02	7.762e-01	-4.849e-02	1.833e-02	1.834e-02	2.005e-03	1.833e-02
13	1.011e-02	5.671e-02	7.842e-02	5.460e-02	6.333e-02	-4.598e-02	-6.674e-02	-2.328e-02	7.836e-01	-1.263e-02	2.058e-02	2.059e-02	1.967e-03	2.058e-02
13	2.157e-02	5.355e-02	8.010e-02	9.854e-02	5.525e-02	-4.602e-02	-6.493e-02	-1.174e-02	7.623e-01	-2.654e-02	1.874e-02	1.923e-02	2.088e-03	1.919e-02
13	1.307e-02	5.915e-02	6.612e-02	9.169e-02	6.241e-02	-3.246e-02	-6.969e-02	-8.089e-02	7.735e-01	-3.080e-02	2.035e-02	2.037e-02	2.396e-03	1.187e-02
14	1.838e-02	5.219e-02	9.035e-02	8.953e-02	6.226e-02	-4.131e-02	-6.865e-02	-4.913e-03	7.727e-01	-2.449e-02	1.969e-02	1.970e-02	2.074e-03	1.969e-02
14	9.722e-03	5.921e-02	7.092e-02	9.888e-02	4.498e-02	-3.811e-02	-6.763e-02	-1.589e-02	7.547e-01	-2.178e-02	1.881e-02	1.882e-02	2.013e-03	1.881e-02
14	1.548e-02	6.218e-02	7.289e-02	9.161e-02	5.908e-02	-4.155e-02	-6.924e-02	-1.551e-02	7.694e-01	-3.167e-02	1.937e-02	1.940e-02	2.078e-03	1.937e-02
14	1.080e-02	5.793e-02	5.645e-02	8.896e-02	7.775e-02	-5.269e-02	-7.140e-02	-1.488e-02	7.879e-01	-5.508e-03	1.916e-02	1.916e-02	2.057e-03	1.916e-02
14	1.623e-02	5.786e-02	7.472e-02	9.841e-02	5.824e-02	-4.034e-02	-5.680e-02	-4.582e-02	7.898e-01	-7.033e-02	1.900e-02	1.905e-02	2.185e-03	1.900e-02
14	8.345e-03	4.923e-02	6.394e-02	8.010e-02	5.544e-02	-3.696e-02	-7.033e-02	-1.236e-02	7.692e-01	-1.300e-02	2.138e-02	2.139e-02	1.855e-03	7.279e-03
14	1.440e-02	7.000e-02	7.516e-02	6.357e-02	5.709e-02	-4.461e-02	-6.112e-02	-2.625e-02	7.633e-01	-8.524e-03	2.038e-02	2.041e-02	2.027e-03	2.038e-02
14	3.195e-02	5.194e-02	8.582e-02	1.000e-01	5.948e-02	-5.489e-02	-6.102e-02	-1.591e-02	7.434e-01	-5.849e-03	1.756e-02	1.758e-02	2.209e-03	1.756e-02
15	1.145e-02	6.798e-02	6.369e-02	9.524e-02	6.444e-02	-3.939e-02	-6.484e-02	-4.802e-03	7.602e-01	-4.558e-02	1.955e-02	1.956e-02	1.963e-03	1.955e-02
15	2.587e-02	6.737e-02	6.701e-02	9.449e-02	4.528e-02	-3.955e-02	-6.480e-02	-1.433e-02	7.600e-01	-7.782e-03	2.019e-02	2.019e-02	2.038e-03	2.019e-02
15	2.051e-02	6.022e-02	8.648e-02	8.960e-02	5.522e-02	-4.518e-02	-5.884e-02	-1.803e-03	7.621e-01	5.633e-02	2.418e-02	2.419e-02	2.046e-03	2.418e-02
15	1.691e-02	6.563e-02	6.044e-02	9.335e-02	6.703e-02	-3.728e-02	-6.421e-02	-2.454e-02	7.665e-01	-9.286e-02	1.869e-02	1.870e-02	2.033e-03	1.869e-02
15	1.466e-02	5.703e-02	7.171e-02	1.000e-01	4.836e-02	-3.539e-02	-5.382e-02	-6.729e-03	7.647e-01	-9.928e-03	2.182e-02	2.183e-02	1.885e-03	1.356e-02
15	1.144e-02	5.164e-02	7.375e-02	9.271e-02	5.640e-02	-3.995e-02	-7.171e-02	-1.830e-02	7.716e-01	-2.217e-02	1.909e-02	1.924e-02	2.050e-03	1.909e-02
15	2.127e-02	7.000e-02	7.390e-02	5.520e-02	5.432e-02	-4.130e-02	-6.436e-02	-1.826e-02	7.538e-01	1.596e-02	2.189e-02	2.190e-02	1.959e-03	2.189e-02
15	1.292e-02	6.006e-02	8.368e-02	9.476e-02	3.771e-02	-4.051e-02	-6.357e-02	-3.466e-02	7.558e-01	-1.555e-02	1.773e-02	1.774e-02	2.164e-03	1.773e-02
16	1.413e-02	6.613e-02	8.538e-02	8.996e-02	5.324e-02	-4.802e-02	-6.443e-02	-5.847e-03	7.605e-01	1.314e-02	2.063e-02	2.063e-02	2.100e-03	2.063e-02
16	3.786e-02	7.000e-02	8.734e-02	0.000e+00	6.915e-02	-4.660e-02	-5.530e-02	0.000e+00	7.510e-01	4.306e-02	2.494e-02	2.495e-02	1.730e-03	-1.426e-02
16	2.932e-02	7.000e-02	8.190e-02	8.886e-02	5.670e-02	-4.037e-02	-6.442e-02	-4.900e-03	7.425e-01	9.023e-02	2.510e-02	2.510e-02	2.142e-03	2.510e-02
16	2.496e-02	7.000e-02	8.831e-02	7.215e-02	6.605e-02	-4.103e-02	-6.604e-02	-3.050e-03	7.660e-01	-2.221e-02	2.013e-02	2.014e-02	2.066e-03	2.013e-02
16	2.111e-02	6.277e-02	6.999e-02	9.421e-02	5.173e-02	-3.643e-02	-6.461e-02	-1.063e-02	7.627e-01	-3.522e-03	2.126e-02	2.126e-02	2.002e-03	2.126e-02
16	2.757e-02	6.770e-02	6.946e-02	5.565e-02	5.260e-02	-4.604e-02	-6.613e-02	-1.075e-02	7.556e-01	7.553e-02	2.487e-02	2.489e-02	1.948e-03	2.487e-02
16	1.437e-02	6.460e-02	8.312e-02	9.600e-02	4.780e-02	-3.433e-02	-5.910e-02	-2.495e-03	7.647e-01	1.768e-01	2.816e-02	2.861e-02	2.055e-03	2.815e-02
16	1.102e-02	5.828e-02	7.364e-02	2.721e-02	6.791e-02	-4.322e-02	-6.072e-02	0.000e+00	7.754e-01	2.436e-01	3.156e-02	3.313e-02	1.758e-03	-2.094e-03
17	2.234e-02	7.000e-02	7.131e-02	6.631e-02	5.309e-02	-4.382e-02	-6.672e-02	-1.004e-02	7.653e-01	-6.913e-03	2.132e-02	2.134e-02	1.960e-03	2.132e-02
17	3.046e-02	6.330e-02	8.742e-02	9.151e-02	6.061e-02	-5.037e-02	-6.217e-02	0.000e+00	7.539e-01	5.800e-02	2.296e-02	2.296e-02	2.151e-03	2.296e-02
17	1.009e-02	6.161e-02	7.575e-02	7.530e-02	6.997e-02	-3.624e-02	-7.030e-02	-2.894e-02	7.937e-01	-9.965e-03	2.024e-02	2.028e-02	2.110e-03	2.024e-02
17	3.117e-02	6.388e-02	8.362e-02	9.018e-02	5.161e-02	-4.342e-02	-6.001e-02	0.000e+00	7.587e-01	3.529e-02	2.323e-02	2.324e-02	2.049e-03	2.323e-02
17	1.692e-02	7.000e-02	9.058e-02	5.833e-02	5.869e-02	-4.514e-02	-6.214e-02	-3.043e-03	7.751e-01	6.688e-02	2.372e-02	2.374e-02	2.005e-03	2.372e-02
17	3.429e-02	6.360e-02	6.493e-02	1.000e-01	5.108e-02	-3.727e-02	-6.276e-02	-1.989e-02	7.121e-01	9.144e-02	2.516e-02	2.516e-02	2.127e-03	2.516e-02
17	1.057e-02	4.914e-02	6.514e-02	9.395e-02	5.224e-02	-3.453e-02	-6.405e-02	0.000e+00	7.544e-01	1.684e-01	3.194e-02	3.196e-02	1.881e-03	2.296e-02
17	1.543e-02	6.929e-02	8.431e-02	2.163e-02	5.737e-02	-4.090e-02	-6.030e-02	0.000e+00	7.527e-01	1.710e-01	2.600e-02	2.614e-02	1.780e-03	-3.233e-03
18	2.301e-02	6.106e-02	7.492e-02	9.828e-02	5.787e-02	-4.895e-02	-6.597e-02	-1.734e-02	7.500e-01	-3.890e-02	1.769e-02	1.770e-02	2.152e-03	1.769e-02
18	2.485e-02	7.000e-02	5.340e-02	9.056e-02	6.285e-02	-4.154e-02	-6.497e-02	-7.670e-03	7.546e-01	-1.315e-02	2.138e-02	2.153e-02	1.965e-03	2.144e-02
18	1.472e-02	5.811e-02	8.313e-02	2.256e-02	6.090e-02	-5.111e-02	-6.933e-02	-1.658e-03	7.700e-01	-1.382e-02	2.078e-02	2.078e-02	1.760e-03	-1.241e-02
18	2.197e-02	5.632e-02	8.432e-02	9.846e-02	4.995e-02	-3.335e-02	-6.387e-02	-4.255e-03	7.565e-01	3.566e-02	2.283e-02	2.284e-02	2.034e-03	2.283e-02
18	2.356e-02	6.359e-02	7.090e-02	8.984e-02	4.986e-02	-3.964e-02	-6.411e-02	-3.628e-03	7.418e-01	1.053e-01	2.747e-02	2.747e-02	2.009e-03	2.747e-02
18	1.930e-02	5.929e-02	8.965e-02	8.956e-02	6.436e-02	-4.598e-02	-6.503e-02	-6.388e-04	7.608e-01	7.603e-02	2.366e-02	2.368e-02	2.129e-03	2.366e-02
18	1.317e-02	5.627e-02	8.327e-02	5.385e-02	5.089e-02	-4.733e-02	-6.204e-02	0.000e+00	7.532e-01	1.669e-01	2.837e-02	2.838e-02	1.875e-03	1.820e-02
18	1.422e-02	4.484e-02	8.540e-02	9.132e-02	6.686e-02	-4.932e-02	-6.574e-02	0.000e+00	7.709e-01	2.410e-01	3.063e-02	3.247e-02	2.128e-03	3.063e-02
19	3.868e-02	6.429e-02	7.147e-02	9.240e-02	6.041e-02	-4.425e-02	-6.654e-02	-1.846e-02	7.458e-01	-2.923e-02	1.957e-02	1.974e-02	2.165e-03	1.969e-02
19	2.196e-02	6.023e-02	6.111e-02	8.390e-02	6.152e-02	-4.939e-02	-6.942e-02	-1.731e-02	7.667e-01	8.736e-02	2.550e-02	2.552e-02	2.088e-03	2.550e-02
19	1.367e-02	5.899e-02	8.154e-02	8.096e-02	6.505e-02	-4.599e-02	-6.671e-02	0.000e+00	7.537e-01	1.849e-01	2.848e-02	2.859e-02	2.082e-03	2.848e-02
19	1.408e-02	4.652e-02	8.933e-02	9.242e-02	5.432e-02	-4.267e-02	-6.935e-02	-9.303e-03	7.708e-01	1.750e-01	2.595e-02	2.616e-02	2.150e-03	2.595e-02
19	3.229e-02	6.795e-02	7.912e-02	6.940e-02	5.818e-02	-3.579e-02	-6.285e-02	-1.063e-02	7.440e-01	2.230e-01	2.886e-02	3.013e-02	2.104e-03	2.888e-02
19	1.898e-02	5.394e-02	8.628e-02	8.573e-02	6.622e-02	-5.554e-02	-6.464e-02	-8.703e-03	7.721e-01	2.121e-01	2.664e-02	2.776e-02	2.220e-03	2.662e-02
19	7.700e-03	6.218e-02	7.116e-02	5.992e-02	6.443e-02	-4.516e-02	-6.905e-02	0.000e+00	7.681e-01	2.671e-01	3.208e-02	3.402e-02	1.969e-03	3.208e-02
19	1.502e-02	5.715e-02	6.328e-02	7.485e-02	6.629e-02	-4.923e-02	-6.754e-02	0.000e+00	7.618e-01	2.873e-01	3.447e-02	3.651e-02	2.008e-03	3.447e-02
20	1.336e-02	6.716e-02	6.377e-02	8.961e-02	6.693e-02	-4.342e-02	-6.663e-02	-6.823e-03	7.540e-01	1.553e-02	2.295e-02	2.296e-02	2.015e-03	2.295e-02
20	2.647e-02	6.116e-02	6.519e-02	8.592e-02	6.218e-02	-5.204e-02	-6.601e-02	-9.533e-03	7.540e-01	1.633e-01	2.975e-02	2.975e-02	2.115e-03	2.975e-02
20	2.220e-02	6.548e-02	6.791e-02	5.500e-02	6.383e-02	-5.061e-02	-6.572e-02	-9.211e-03	7.565e-01	1.372e-01	2.806e-02	2.807e-02	1.978e-03	2.806e-02
20	6.478e-03	5.650e-02	5.922e-02	5.517e-02	6.574e-02	-4.994e-02	-6.763e-02	0.000e+00	7.677e-01	3.000e-01	3.526e-02	3.756e-02	1.876e-03	2.519e-02
20	1.571e-02	6.604e-02	6.804e-02	7.105e-02	5.434e-02	-4.486e-02	-6.894e-02	-4.698e-03	7.633e-01	3.000e-01	3.204e-02	3.463e-02	2.055e-03	3.200e-02
20	1.800e-02	6.759e-02	6.168e-02	9.142e-02	5.348e-02	-4.104e-02	-6.423e-02	-5.857e-03	7.536e-01	3.000e-01	3.439e-02	3.696e-02	2.087e-03	3.445e-02
20	8.835e-03	6.130e-02	7.911e-02	5.530e-02	5.819e-02	-4.204e-02	-6.777e-02	-6.984e-03	7.768e-01	2.913e-01	3.079e-02	3.360e-02	2.008e-03	3.077e-02
20	9.681e-03	5.533e-02	8.425e-02	8.861e-02	6.820e-02	-4.754e-02	-6.913e-02	-2.294e-02	7.743e-01	3.000e-01	3.055e-02	3.346e-02	2.335e-03	3.057e-02
21	1.682e-02	4.978e-02	8.228e-02	9.101e-02	6.653e-02	-4.714e-02	-6.866e-02	-7.776e-03	7.697e-01	1.233e-01	2.559e-02	2.559e-02	2.140e-03	2.559e-02
21	3.034e-02	6.840e-02	7.857e-02	7.650e-02	5.320e-02	-4.456e-02	-6.150e-02	-3.516e-03	7.508e-01	1.223e-01	2.662e-02	2.663e-02	2.053e-03	2.662e-02
21	3.417e-02	6.885e-02	8.428e-02	9.435e-02	5.431e-02	-3.981e-02	-6.382e-02	-1.398e-02	7.519e-01	-2.930e-03	2.014e-02	2.019e-02	2.190e-03	2.014e-02
21	1.544e-02	5.657e-02	5.746e-02	9.303e-02	5.172e-02	-4.288e-02	-6.610e-02	-1.078e-02	7.567e-01	2.480e-01	3.398e-02	3.531e-02	2.030e-03	3.396e-02
21	1.497e-02	6.659e-02	5.363e-02	7.860e-02	6.154e-02	-4.646e-02	-6.768e-02	-1.296e-02	7.570e-01	2.637e-01	3.337e-02	3.479e-02	2.060e-03	3.335e-02
21	1.765e-02	5.731e-02	6.118e-02	9.526e-02	5.042e-02	-4.406e-02	-6.717e-02	-1.484e-02	7.578e-01	2.722e-01	3.267e-02	3.453e-02	2.118e-03	3.267e-02
21	1.818e-02	7.000e-02	6.876e-02	4.102e-04	5.925e-02	-4.340e-02	-6.495e-02	-2.016e-03	7.599e-01	3.000e-01	2.727e-02	3.025e-02	1.718e-03	-1.427e-02
21	2.342e-02	6.382e-02	7.016e-02	4.515e-02	6.249e-02	-4.663e-02	-6.443e-02	0.000e+00	7.479e-01	3.000e-01	3.105e-02	3.380e-02	1.927e-03	3.103e-02
22	5.806e-03	5.841e-02	4.016e-02	9.626e-02	6.840e-02	-4.347e-02	-6.933e-02	-1.362e-02	7.699e-01	3.545e-02	2.286e-02	2.287e-02	1.916e-03	2.089e-02
22	1.702e-02	5.694e-02	6.739e-02	6.704e-02	6.618e-02	-4.845e-02	-6.667e-02	-1.348e-02	7.621e-01	9.351e-02	2.724e-02	2.725e-02	1.985e-03	2.724e-02
22	1.635e-02	5.608e-02	7.143e-02	9.007e-02	5.661e-02	-4.761e-02	-6.272e-02	-9.306e-03	7.636e-01	2.578e-01	3.135e-02	3.311e-02	2.106e-03	3.134e-02
22	2.868e-02	6.349e-02	7.064e-02	7.290e-02	5.502e-02	-5.009e-02	-6.616e-02	-2.226e-03	7.393e-01	2.438e-01	2.928e-02	3.070e-02	2.065e-03	2.927e-02
22	1.262e-02	5.150e-02	4.443e-02	9.085e-02	5.988e-02	-4.771e-02	-6.917e-02	-1.069e-02	7.618e-01	3.000e-01	3.612e-02	3.800e-02	1.993e-03	3.612e-02
22	1.406e-02	6.450e-02	7.871e-02	8.957e-02	5.742e-02	-4.245e-02	-6.479e-02	-2.060e-03	7.589e-01	2.730e-01	3.321e-02	3.557e-02	2.140e-03	3.318e-02
22	1.340e-02	5.732e-02	6.658e-02	7.390e-02	5.718e-02	-4.802e-02	-6.612e-02	-1.066e-02	7.583e-01	3.000e-01	3.274e-02	3.513e-02	2.054e-03	3.271e-02
22	5.536e-03	5.370e-02	5.727e-02	9.071e-02	5.583e-02	-4.110e-02	-6.694e-02	-1.164e-02	7.584e-01	3.000e-01	3.664e-02	3.894e-02	2.018e-03	3.663e-02
23	1.368e-02	5.858e-02	5.039e-02	8.131e-02	6.230e-02	-4.716e-02	-6.812e-02	-2.101e-02	7.622e-01	1.380e-01	2.974e-02	2.975e-02	2.010e-03	2.974e-02
23	1.532e-02	6.090e-02	5.076e-02	9.422e-02	5.184e-02	-3.841e-02	-6.655e-02	-1.417e-02	7.596e-01	1.805e-01	3.121e-02	3.121e-02	1.992e-03	3.121e-02
23	1.521e-02	5.545e-02	5.752e-02	9.022e-02	5.724e-02	-5.084e-02	-6.610e-02	-9.933e-04	7.600e-01	1.993e-01	3.186e-02	3.188e-02	1.977e-03	3.186e-02
23	1.556e-02	6.454e-02	4.598e-02	6.823e-02	6.873e-02	-4.967e-02	-6.729e-02	-1.442e-02	7.644e-01	2.227e-01	3.251e-02	3.257e-02	1.979e-03	3.251e-02
23	5.000e-03	5.950e-02	6.217e-02	8.208e-02	6.227e-02	-4.547e-02	-6.777e-02	-1.854e-02	7.733e-01	2.332e-01	3.235e-02	3.333e-02	2.088e-03	3.238e-02
23	1.041e-02	5.741e-02	7.293e-02	9.514e-02	5.135e-02	-3.538e-02	-6.264e-02	-1.137e-02	7.495e-01	2.214e-01	3.130e-02	3.255e-02	2.057e-03	3.130e-02
23	5.000e-03	4.628e-02	4.046e-02	8.771e-02	6.962e-02	-4.989e-02	-7.096e-02	-1.330e-02	7.694e-01	3.000e-01	3.763e-02	3.932e-02	1.978e-03	3.761e-02
23	1.542e-02	5.302e-02	6.616e-02	8.879e-02	6.464e-02	-4.793e-02	-6.719e-02	0.000e+00	7.531e-01	3.000e-01	3.395e-02	3.642e-02	2.063e-03	3.397e-02
24	5.000e-03	4.255e-02	3.736e-02	8.978e-02	7.713e-02	-4.720e-02	-7.179e-02	-1.791e-02	7.693e-01	1.512e-01	3.050e-02	3.053e-02	1.927e-03	3.050e-02
24	6.917e-03	4.029e-02	5.800e-02	9.075e-02	6.528e-02	-4.732e-02	-6.962e-02	-1.385e-02	7.683e-01	1.695e-01	3.075e-02	3.080e-02	1.984e-03	3.075e-02
24	2.008e-02	5.377e-02	5.362e-02	9.081e-02	6.326e-02	-4.842e-02	-6.972e-02	-4.199e-03	7.538e-01	2.155e-01	3.138e-02	3.146e-02	2.019e-03	3.138e-02
24	6.893e-03	4.428e-02	4.852e-02	7.182e-02	7.589e-02	-5.414e-02	-6.996e-02	-1.918e-02	7.725e-01	2.464e-01	3.429e-02	3.482e-02	1.987e-03	3.431e-02
24	1.301e-02	4.880e-02	6.660e-02	9.043e-02	6.186e-02	-4.863e-02	-6.722e-02	-1.041e-02	7.580e-01	2.171e-01	3.031e-02	3.108e-02	2.073e-03	3.031e-02
24	2.092e-02	5.057e-02	6.553e-02	7.402e-02	6.429e-02	-5.215e-02	-6.907e-02	-3.782e-03	7.515e-01	2.696e-01	3.215e-02	3.389e-02	2.032e-03	3.214e-02
24	5.000e-03	5.148e-02	3.124e-02	8.932e-02	6.667e-02	-4.745e-02	-7.155e-02	-1.142e-02	7.657e-01	3.000e-01	3.865e-02	4.024e-02	1.931e-03	3.868e-02
24	5.000e-03	4.924e-02	3.489e-02	8.230e-02	6.914e-02	-4.746e-02	-7.215e-02	-8.847e-03	7.631e-01	3.000e-01	3.922e-02	4.079e-02	1.901e-03	3.423e-02
25	7.182e-03	5.285e-02	3.046e-02	8.847e-02	6.875e-02	-4.803e-02	-7.176e-02	-1.059e-02	7.649e-01	2.038e-01	3.417e-02	3.418e-02	1.892e-03	2.732e-02
25	9.371e-03	4.541e-02	3.110e-02	7.568e-02	7.458e-02	-5.419e-02	-7.334e-02	-1.645e-02	7.660e-01	2.582e-01	3.533e-02	3.564e-02	1.922e-03	3.457e-02
25	9.070e-03	5.072e-02	2.298e-02	9.138e-02	6.916e-02	-4.740e-02	-7.183e-02	-2.138e-02	7.605e-01	2.491e-01	3.533e-02	3.572e-02	1.943e-03	3.534e-02
25	8.307e-03	5.355e-02	3.395e-02	8.158e-02	7.269e-02	-4.849e-02	-7.207e-02	-7.582e-03	7.649e-01	2.679e-01	3.813e-02	3.913e-02	1.912e-03	3.539e-02
25	1.075e-02	5.703e-02	3.576e-02	8.802e-02	6.880e-02	-5.117e-02	-7.103e-02	-5.587e-03	7.686e-01	2.725e-01	3.600e-02	3.718e-02	1.962e-03	3.601e-02
25	5.000e-03	4.981e-02	4.142e-02	5.739e-02	7.307e-02	-5.055e-02	-7.293e-02	-1.576e-02	7.713e-01	2.764e-01	3.699e-02	3.819e-02	1.888e-03	2.945e-02
25	5.186e-03	5.490e-02	4.239e-02	4.671e-02	6.688e-02	-4.816e-02	-7.065e-02	-7.690e-03	7.665e-01	2.705e-01	3.576e-02	3.690e-02	1.774e-03	5.346e-03
25	5.000e-03	4.694e-02	2.150e-02	9.167e-02	6.665e-02	-4.878e-02	-7.141e-02	-1.367e-02	7.645e-01	3.000e-01	3.957e-02	4.100e-02	1.877e-03	2.975e-02
26	1.855e-02	5.533e-02	4.986e-02	9.023e-02	6.400e-02	-4.858e-02	-6.907e-02	-8.549e-03	7.589e-01	2.260e-01	3.259e-02	3.301e-02	2.030e-03	3.259e-02
26	1.335e-02	5.736e-02	2.905e-02	8.640e-02	6.592e-02	-4.984e-02	-7.064e-02	-1.770e-02	7.614e-01	2.531e-01	3.595e-02	3.656e-02	1.971e-03	3.595e-02
26	7.337e-03	4.167e-02	1.711e-02	9.093e-02	7.411e-02	-5.297e-02	-7.165e-02	-9.308e-03	7.678e-01	2.776e-01	3.854e-02	3.953e-02	1.835e-03	2.032e-02
26	1.304e-02	5.461e-02	3.875e-02	8.306e-02	7.077e-02	-5.285e-02	-7.060e-02	-7.743e-03	7.663e-01	2.614e-01	3.570e-02	3.667e-02	1.970e-03	3.572e-02
26	7.871e-03	5.175e-02	4.550e-02	8.996e-02	6.705e-02	-4.918e-02	-6.952e-02	-7.273e-03	7.621e-01	2.727e-01	3.628e-02	3.767e-02	1.978e-03	3.629e-02
26	1.249e-02	5.604e-02	2.634e-02	8.868e-02	6.651e-02	-4.864e-02	-7.011e-02	-1.211e-02	7.542e-01	2.838e-01	3.809e-02	3.937e-02	1.931e-03	3.811e-02
26	9.141e-03	4.641e-02	2.826e-02	8.165e-02	7.959e-02	-5.528e-02	-7.258e-02	0.000e+00	7.664e-01	3.000e-01	3.869e-02	4.007e-02	1.869e-03	2.736e-02
26	6.288e-03	5.741e-02	3.858e-02	7.066e-02	7.315e-02	-4.921e-02	-7.154e-02	-1.307e-02	7.714e-01	2.982e-01	3.681e-02	3.837e-02	1.953e-03	3.681e-02
27	5.000e-03	5.008e-02	1.443e-02	7.778e-02	8.182e-02	-5.434e-02	-7.429e-02	-8.355e-03	7.699e-01	2.720e-01	3.887e-02	3.946e-02	1.827e-03	1.905e-02
27	8.618e-03	5.492e-02	2.043e-02	6.819e-02	7.343e-02	-5.248e-02	-7.192e-02	-1.091e-02	7.634e-01	2.748e-01	3.863e-02	3.939e-02	1.819e-03	1.722e-02
27	1.120e-02	5.531e-02	1.026e-02	8.960e-02	6.604e-02	-4.982e-02	-7.103e-02	-1.949e-02	7.579e-01	2.724e-01	3.847e-02	3.927e-02	1.885e-03	3.021e-02
27	1.213e-02	5.247e-02	4.788e-02	8.906e-02	6.920e-02	-4.989e-02	-6.918e-02	-8.636e-03	7.586e-01	2.565e-01	3.507e-02	3.621e-02	2.017e-03	3.510e-02
27	8.746e-03	5.666e-02	4.228e-02	7.467e-02	6.743e-02	-4.884e-02	-7.066e-02	-1.120e-02	7.666e-01	2.589e-01	3.587e-02	3.680e-02	1.944e-03	3.586e-02
27	8.223e-03	4.952e-02	6.222e-02	7.042e-02	7.417e-02	-5.467e-02	-6.715e-02	-7.211e-03	7.775e-01	2.534e-01	3.318e-02	3.448e-02	1.999e-03	3.320e-02
27	1.674e-02	5.857e-02	2.381e-02	7.719e-02	6.668e-02	-5.063e-02	-7.046e-02	-1.128e-02	7.499e-01	3.000e-01	3.731e-02	3.870e-02	1.897e-03	3.150e-02
27	6.137e-03	5.905e-02	4.448e-02	7.449e-02	6.435e-02	-4.626e-02	-6.927e-02	-5.688e-03	7.689e-01	3.000e-01	3.772e-02	3.962e-02	1.916e-03	3.578e-02
28	5.000e-03	5.033e-02	2.837e-02	8.941e-02	7.300e-02	-4.899e-02	-7.053e-02	-1.503e-02	7.678e-01	2.667e-01	3.781e-02	3.878e-02	1.933e-03	3.780e-02
28	7.314e-03	5.031e-02	4.413e-02	8.847e-02	6.962e-02	-5.034e-02	-7.100e-02	-1.169e-02	7.716e-01	2.574e-01	3.516e-02	3.617e-02	2.002e-03	3.517e-02
28	8.353e-03	5.741e-02	4.314e-02	5.627e-02	7.409e-02	-5.108e-02	-7.014e-02	-8.207e-03	7.655e-01	2.589e-01	3.508e-02	3.600e-02	1.871e-03	2.420e-02
28	8.905e-03	5.270e-02	3.713e-02	7.168e-02	7.435e-02	-5.141e-02	-7.020e-02	-1.067e-02	7.671e-01	2.743e-01	3.741e-02	3.847e-02	1.910e-03	3.413e-02
28	8.680e-03	5.633e-02	4.822e-02	6.914e-02	7.068e-02	-4.704e-02	-7.023e-02	-2.547e-03	7.644e-01	2.562e-01	3.602e-02	3.703e-02	1.894e-03	2.953e-02
28	9.575e-03	5.102e-02	4.290e-02	8.778e-02	6.936e-02	-4.705e-02	-6.971e-02	-6.288e-03	7.563e-01	2.611e-01	3.729e-02	3.841e-02	1.945e-03	3.730e-02
28	1.006e-02	5.315e-02	4.525e-02	8.579e-02	6.822e-02	-4.862e-02	-6.857e-02	-9.897e-03	7.594e-01	2.636e-01	3.663e-02	3.783e-02	1.983e-03	3.664e-02
28	8.149e-03	5.376e-02	5.221e-02	6.570e-02	7.603e-02	-5.413e-02	-6.691e-02	0.000e+00	7.766e-01	2.665e-01	3.560e-02	3.684e-02	1.901e-03	3.064e-02
29	5.000e-03	4.786e-02	2.047e-02	6.952e-02	8.791e-02	-5.342e-02	-7.300e-02	-1.352e-02	7.725e-01	2.445e-01	3.832e-02	3.835e-02	1.837e-03	2.055e-02
29	8.549e-03	5.055e-02	3.905e-02	8.821e-02	7.398e-02	-5.069e-02	-6.994e-02	-9.107e-03	7.635e-01	2.294e-01	3.509e-02	3.521e-02	1.952e-03	3.510e-02
29	1.102e-02	4.662e-02	4.166e-02	9.004e-02	6.941e-02	-5.069e-02	-6.825e-02	-1.616e-02	7.606e-01	2.380e-01	3.452e-02	3.503e-02	1.988e-03	3.452e-02
29	5.512e-03	4.859e-02	3.575e-02	8.828e-02	6.582e-02	-4.654e-02	-7.038e-02	-1.123e-02	7.627e-01	2.525e-01	3.623e-02	3.700e-02	1.901e-03	3.119e-02
29	1.027e-02	5.061e-02	3.937e-02	8.999e-02	6.550e-02	-4.710e-02	-6.954e-02	-9.907e-03	7.517e-01	2.802e-01	3.743e-02	3.886e-02	1.952e-03	3.741e-02
29	5.000e-03	5.176e-02	2.744e-02	9.066e-02	6.944e-02	-4.829e-02	-7.019e-02	-1.190e-02	7.694e-01	2.991e-01	3.876e-02	4.027e-02	1.920e-03	3.764e-02
29	9.580e-03	5.236e-02	6.013e-02	8.814e-02	6.751e-02	-5.072e-02	-6.614e-02	-1.044e-03	7.623e-01	2.576e-01	3.423e-02	3.579e-02	2.006e-03	3.424e-02
29	6.599e-03	5.781e-02	4.464e-02	8.747e-02	6.572e-02	-4.363e-02	-7.005e-02	-9.676e-03	7.614e-01	2.896e-01	3.768e-02	3.939e-02	1.989e-03	3.769e-02
30	1.077e-02	5.637e-02	3.305e-02	8.790e-02	6.644e-02	-4.807e-02	-6.959e-02	-5.880e-03	7.512e-01	2.869e-01	3.793e-02	3.938e-02	1.919e-03	3.645e-02
30	5.384e-03	4.873e-02	3.196e-02	8.649e-02	7.271e-02	-4.954e-02	-6.923e-02	-1.066e-02	7.591e-01	2.813e-01	3.767e-02	3.894e-02	1.906e-03	3.378e-02
30	5.000e-03	4.697e-02	1.694e-02	8.927e-02	7.422e-02	-4.881e-02	-7.275e-02	-1.490e-02	7.643e-01	3.000e-01	3.999e-02	4.135e-02	1.878e-03	3.034e-02
30	6.870e-03	5.029e-02	3.670e-02	8.950e-02	7.187e-02	-4.789e-02	-6.904e-02	-1.421e-02	7.646e-01	2.790e-01	3.728e-02	3.857e-02	1.968e-03	3.727e-02
30	5.070e-03	4.323e-02	3.611e-02	8.982e-02	7.129e-02	-4.985e-02	-7.066e-02	-1.630e-02	7.653e-01	2.721e-01	3.716e-02	3.831e-02	1.954e-03	3.717e-02
30	8.443e-03	4.968e-02	4.676e-02	8.920e-02	6.477e-02	-4.668e-02	-6.824e-02	-5.501e-03	7.602e-01	2.836e-01	3.700e-02	3.861e-02	1.947e-03	3.701e-02
30	8.465e-03	5.350e-02	5.077e-02	8.952e-02	6.146e-02	-4.240e-02	-6.615e-02	-5.331e-03	7.542e-01	2.890e-01	3.775e-02	4.007e-02	1.951e-03	3.772e-02
30	5.240e-03	4.707e-02	3.248e-02	9.064e-02	6.750e-02	-4.868e-02	-7.034e-02	-1.425e-02	7.640e-01	3.000e-01	3.879e-02	4.040e-02	1.938e-03	3.880e-02
31	5.000e-03	5.164e-02	2.259e-02	9.100e-02	6.988e-02	-4.505e-02	-7.044e-02	-1.309e-02	7.623e-01	2.749e-01	3.891e-02	4.000e-02	1.874e-03	2.850e-02
31	5.000e-03	5.216e-02	2.674e-02	9.276e-02	6.624e-02	-4.539e-02	-7.053e-02	-1.496e-02	7.667e-01	2.813e-01	3.864e-02	3.996e-02	1.920e-03	3.748e-02
31	7.221e-03	4.779e-02	2.802e-02	9.305e-02	6.575e-02	-4.564e-02	-6.956e-02	-8.978e-03	7.512e-01	2.952e-01	3.879e-02	4.034e-02	1.873e-03	2.815e-02
31	5.752e-03	4.580e-02	3.169e-02	9.147e-02	6.458e-02	-4.524e-02	-7.034e-02	-1.896e-02	7.602e-01	2.780e-01	3.740e-02	3.864e-02	1.929e-03	3.740e-02
31	7.979e-03	4.756e-02	3.317e-02	8.961e-02	7.162e-02	-4.996e-02	-7.013e-02	-1.754e-02	7.629e-01	2.890e-01	3.825e-02	3.974e-02	1.979e-03	3.823e-02
31	6.604e-03	5.167e-02	3.367e-02	8.933e-02	6.563e-02	-4.710e-02	-7.097e-02	-1.079e-02	7.624e-01	3.000e-01	3.907e-02	4.073e-02	1.933e-03	3.908e-02
31	7.639e-03	4.458e-02	4.553e-02	8.966e-02	6.716e-02	-5.087e-02	-6.712e-02	-7.233e-03	7.589e-01	3.000e-01	3.852e-02	4.040e-02	1.952e-03	3.851e-02
31	7.782e-03	4.653e-02	5.053e-02	9.148e-02	6.020e-02	-4.419e-02	-6.896e-02	-1.177e-02	7.587e-01	2.959e-01	3.773e-02	3.970e-02	1.991e-03	3.774e-02
32	7.676e-03	5.007e-02	4.542e-02	9.116e-02	6.477e-02	-4.573e-02	-6.998e-02	-1.099e-02	7.637e-01	2.600e-01	3.580e-02	3.698e-02	1.978e-03	3.582e-02
32	8.326e-03	4.960e-02	4.320e-02	9.204e-02	6.083e-02	-4.505e-02	-6.929e-02	-1.105e-02	7.599e-01	2.724e-01	3.631e-02	3.766e-02	1.956e-03	3.629e-02
32	9.775e-03	4.769e-02	3.785e-02	9.173e-02	6.648e-02	-4.977e-02	-6.769e-02	-1.334e-02	7.597e-01	2.773e-01	3.696e-02	3.830e-02	1.962e-03	3.694e-02
32	5.000e-03	4.123e-02	3.007e-02	9.128e-02	6.914e-02	-4.787e-02	-7.084e-02	-1.326e-02	7.695e-01	2.990e-01	3.848e-02	4.003e-02	1.898e-03	3.290e-02
32	8.862e-03	4.660e-02	5.292e-02	8.956e-02	6.000e-02	-4.784e-02	-6.896e-02	-1.007e-02	7.636e-01	2.818e-01	3.534e-02	3.702e-02	1.994e-03	3.533e-02
32	5.000e-03	4.709e-02	3.160e-02	9.031e-02	6.491e-02	-4.833e-02	-7.006e-02	-1.347e-02	7.665e-01	3.000e-01	3.839e-02	3.999e-02	1.918e-03	3.683e-02
32	5.000e-03	4.403e-02	4.159e-02	9.184e-02	6.533e-02	-4.545e-02	-7.045e-02	-9.174e-03	7.709e-01	3.000e-01	3.793e-02	3.982e-02	1.935e-03	3.796e-02
32	1.089e-02	4.976e-02	4.977e-02	8.847e-02	6.589e-02	-5.178e-02	-6.963e-02	-1.200e-02	7.648e-01	2.959e-01	3.591e-02	3.778e-02	2.046e-03	3.593e-02
33	1.260e-02	5.147e-02	2.363e-02	9.268e-02	6.660e-02	-4.830e-02	-7.070e-02	-1.900e-02	7.569e-01	2.590e-01	3.652e-02	3.729e-02	1.946e-03	3.651e-02
33	5.937e-03	3.946e-02	3.465e-02	9.469e-02	6.157e-02	-4.500e-02	-7.077e-02	-1.480e-02	7.669e-01	2.746e-01	3.607e-02	3.737e-02	1.900e-03	3.092e-02
33	7.636e-03	5.149e-02	3.781e-02	9.110e-02	6.424e-02	-4.560e-02	-6.994e-02	-9.417e-03	7.575e-01	2.777e-01	3.784e-02	3.919e-02	1.935e-03	3.783e-02
33	5.000e-03	5.184e-02	4.527e-02	8.354e-02	6.960e-02	-4.672e-02	-7.025e-02	-9.061e-03	7.737e-01	2.728e-01	3.694e-02	3.826e-02	1.961e-03	3.695e-02
33	5.000e-03	4.013e-02	1.851e-02	9.528e-02	6.821e-02	-4.957e-02	-7.192e-02	-1.722e-02	7.765e-01	2.951e-01	3.815e-02	3.947e-02	1.876e-03	2.809e-02
33	7.499e-03	4.291e-02	3.088e-02	9.267e-02	6.411e-02	-4.868e-02	-6.975e-02	-1.353e-02	7.635e-01	3.000e-01	3.921e-02	4.086e-02	1.907e-03	3.536e-02
33	5.065e-03	4.447e-02	4.230e-02	9.264e-02	6.415e-02	-4.735e-02	-6.961e-02	-2.233e-03	7.737e-01	2.889e-01	3.765e-02	3.927e-02	1.898e-03	3.199e-02
33	7.893e-03	4.570e-02	4.567e-02	9.291e-02	6.639e-02	-4.870e-02	-6.856e-02	-6.708e-03	7.686e-01	2.849e-01	3.740e-02	3.905e-02	1.962e-03	3.741e-02
34	7.909e-03	3.947e-02	3.652e-02	9.025e-02	7.457e-02	-5.151e-02	-7.047e-02	-1.436e-02	7.701e-01	2.431e-01	3.517e-02	3.566e-02	1.940e-03	3.516e-02
34	1.022e-02	4.306e-02	4.222e-02	8.926e-02	7.256e-02	-5.423e-02	-6.920e-02	-8.246e-03	7.681e-01	2.525e-01	3.507e-02	3.597e-02	1.957e-03	3.506e-02
34	7.569e-03	4.784e-02	3.006e-02	9.156e-02	6.882e-02	-4.756e-02	-6.936e-02	-1.119e-02	7.642e-01	2.695e-01	3.750e-02	3.859e-02	1.898e-03	3.200e-02
34	5.712e-03	4.746e-02	4.612e-02	9.076e-02	6.729e-02	-4.614e-02	-7.060e-02	-7.238e-03	7.680e-01	2.827e-01	3.719e-02	3.877e-02	1.965e-03	3.721e-02
34	7.270e-03	4.828e-02	4.035e-02	9.119e-02	6.723e-02	-4.895e-02	-6.986e-02	-1.185e-02	7.634e-01	3.000e-01	3.794e-02	3.977e-02	1.981e-03	3.793e-02
34	5.000e-03	4.718e-02	3.964e-02	9.122e-02	6.635e-02	-4.482e-02	-7.048e-02	-1.221e-02	7.764e-01	2.999e-01	3.911e-02	4.082e-02	1.953e-03	3.910e-02
34	7.808e-03	5.348e-02	5.415e-02	9.088e-02	6.707e-02	-4.556e-02	-6.924e-02	-1.245e-02	7.729e-01	2.726e-01	3.524e-02	3.682e-02	2.065e-03	3.527e-02
34	8.245e-03	5.103e-02	3.946e-02	9.126e-02	6.160e-02	-4.363e-02	-6.970e-02	-1.157e-02	7.594e-01	3.000e-01	3.776e-02	3.968e-02	1.954e-03	3.776e-02
35	1.013e-02	5.261e-02	4.616e-02	8.999e-02	6.653e-02	-4.612e-02	-7.052e-02	-1.230e-02	7.641e-01	2.547e-01	3.466e-02	3.575e-02	2.011e-03	3.464e-02
35	8.870e-03	4.812e-02	3.773e-02	9.345e-02	6.468e-02	-4.653e-02	-7.074e-02	-1.469e-02	7.712e-01	2.801e-01	3.680e-02	3.830e-02	1.979e-03	3.679e-02
35	7.030e-03	4.722e-02	3.520e-02	9.184e-02	6.946e-02	-4.839e-02	-6.942e-02	-1.385e-02	7.632e-01	2.751e-01	3.754e-02	3.880e-02	1.951e-03	3.753e-02
35	9.092e-03	5.096e-02	4.316e-02	9.365e-02	6.132e-02	-4.344e-02	-6.932e-02	-1.321e-02	7.629e-01	2.881e-01	3.783e-02	3.953e-02	1.987e-03	3.782e-02
35	6.986e-03	4.961e-02	3.679e-02	9.139e-02	6.692e-02	-4.533e-02	-7.074e-02	-1.253e-02	7.635e-01	3.000e-01	3.863e-02	4.031e-02	1.961e-03	3.862e-02
35	6.241e-03	4.891e-02	4.568e-02	9.239e-02	6.153e-02	-4.246e-02	-6.962e-02	-1.437e-02	7.637e-01	3.000e-01	3.771e-02	3.966e-02	1.990e-03	3.771e-02
35	5.000e-03	4.590e-02	4.605e-02	9.163e-02	6.338e-02	-4.463e-02	-6.985e-02	-8.989e-03	7.614e-01	3.000e-01	3.790e-02	3.985e-02	1.952e-03	3.793e-02
35	6.846e-03	5.061e-02	4.849e-02	8.995e-02	6.630e-02	-4.525e-02	-7.002e-02	-5.378e-03	7.651e-01	2.919e-01	3.739e-02	3.925e-02	1.973e-03	3.741e-02
36	8.543e-03	5.128e-02	4.929e-02	9.000e-02	6.350e-02	-4.484e-02	-6.950e-02	-9.073e-03	7.590e-01	2.836e-01	3.634e-02	3.805e-02	1.994e-03	3.634e-02
36	5.794e-03	4.770e-02	3.602e-02	9.180e-02	6.648e-02	-4.522e-02	-7.071e-02	-1.504e-02	7.648e-01	3.000e-01	3.852e-02	4.021e-02	1.958e-03	3.852e-02
36	6.722e-03	4.876e-02	4.040e-02	9.229e-02	6.356e-02	-4.331e-02	-6.998e-02	-1.073e-02	7.633e-01	2.961e-01	3.861e-02	4.035e-02	1.946e-03	3.860e-02
36	6.775e-03	4.484e-02	4.128e-02	9.380e-02	6.251e-02	-4.340e-02	-6.986e-02	-1.498e-02	7.674e-01	3.000e-01	3.806e-02	3.990e-02	1.964e-03	3.808e-02
36	6.109e-03	5.236e-02	3.713e-02	9.066e-02	6.470e-02	-4.390e-02	-7.119e-02	-1.101e-02	7.629e-01	3.000e-01	3.902e-02	4.075e-02	1.951e-03	3.902e-02
36	5.185e-03	4.603e-02	3.504e-02	9.146e-02	6.702e-02	-4.643e-02	-7.161e-02	-1.537e-02	7.734e-01	3.000e-01	3.858e-02	4.021e-02	1.961e-03	3.859e-02
36	1.057e-02	5.285e-02	3.886e-02	9.223e-02	5.919e-02	-4.297e-02	-7.068e-02	-1.076e-02	7.480e-01	3.000e-01	3.834e-02	4.020e-02	1.958e-03	3.837e-02
36	5.715e-03	4.769e-02	4.055e-02	9.449e-02	6.230e-02	-4.381e-02	-6.833e-02	-1.208e-02	7.642e-01	3.000e-01	3.847e-02	4.036e-02	1.947e-03	3.847e-02
37	6.160e-03	4.994e-02	3.322e-02	9.260e-02	6.400e-02	-4.432e-02	-7.111e-02	-1.348e-02	7.623e-01	2.854e-01	3.811e-02	3.953e-02	1.931e-03	3.810e-02
37	6.543e-03	4.855e-02	3.140e-02	9.042e-02	6.698e-02	-4.741e-02	-7.211e-02	-1.375e-02	7.571e-01	3.000e-01	3.895e-02	4.058e-02	1.944e-03	3.894e-02
37	7.119e-03	4.904e-02	3.449e-02	9.199e-02	6.505e-02	-4.190e-02	-7.113e-02	-1.527e-02	7.604e-01	3.000e-01	3.871e-02	4.040e-02	1.948e-03	3.870e-02
37	8.188e-03	5.084e-02	4.185e-02	9.124e-02	6.572e-02	-4.549e-02	-7.086e-02	-9.422e-03	7.661e-01	2.921e-01	3.819e-02	3.986e-02	1.977e-03	3.819e-02
37	5.911e-03	4.934e-02	4.791e-02	9.235e-02	6.123e-02	-4.157e-02	-7.066e-02	-9.031e-03	7.595e-01	3.000e-01	3.784e-02	4.007e-02	1.976e-03	3.796e-02
37	6.646e-03	5.005e-02	4.028e-02	8.982e-02	6.601e-02	-4.508e-02	-7.151e-02	-1.352e-02	7.662e-01	3.000e-01	3.812e-02	3.986e-02	1.985e-03	3.811e-02
37	5.000e-03	4.918e-02	4.299e-02	9.231e-02	6.368e-02	-4.103e-02	-7.076e-02	-6.868e-03	7.615e-01	3.000e-01	3.845e-02	4.043e-02	1.931e-03	3.844e-02
37	7.024e-03	4.782e-02	4.133e-02	9.100e-02	6.472e-02	-4.622e-02	-6.965e-02	-1.244e-02	7.606e-01	2.919e-01	3.760e-02	3.982e-02	1.964e-03	3.783e-02
38	8.235e-03	5.084e-02	2.892e-02	9.159e-02	6.433e-02	-4.521e-02	-7.108e-02	-1.296e-02	7.444e-01	3.000e-01	3.924e-02	4.089e-02	1.919e-03	3.789e-02
38	6.069e-03	4.733e-02	3.907e-02	9.096e-02	6.832e-02	-4.879e-02	-7.143e-02	-1.459e-02	7.740e-01	2.916e-01	3.711e-02	3.866e-02	1.995e-03	3.712e-02
38	7.138e-03	5.140e-02	3.695e-02	9.186e-02	6.306e-02	-4.110e-02	-6.774e-02	-1.204e-02	7.536e-01	2.941e-01	3.907e-02	4.082e-02	1.921e-03	3.800e-02
38	5.392e-03	4.994e-02	3.531e-02	9.001e-02	6.669e-02	-4.480e-02	-7.332e-02	-1.251e-02	7.598e-01	2.956e-01	3.854e-02	4.014e-02	1.954e-03	3.856e-02
38	7.681e-03	5.228e-02	3.727e-02	8.926e-02	6.454e-02	-4.357e-02	-7.164e-02	-1.158e-02	7.603e-01	2.951e-01	3.843e-02	4.022e-02	1.952e-03	3.842e-02
38	7.551e-03	4.944e-02	3.314e-02	9.154e-02	6.323e-02	-4.439e-02	-7.183e-02	-1.653e-02	7.586e-01	3.000e-01	3.763e-02	3.930e-02	1.960e-03	3.766e-02
38	5.943e-03	4.960e-02	3.508e-02	9.215e-02	6.647e-02	-4.467e-02	-7.166e-02	-1.346e-02	7.741e-01	2.885e-01	3.775e-02	3.922e-02	1.958e-03	3.775e-02
38	5.734e-03	5.203e-02	2.544e-02	9.077e-02	6.611e-02	-4.252e-02	-7.327e-02	-1.481e-02	7.581e-01	3.000e-01	3.900e-02	4.063e-02	1.918e-03	3.726e-02
39	6.292e-03	5.026e-02	3.278e-02	9.019e-02	6.610e-02	-4.564e-02	-7.179e-02	-1.234e-02	7.585e-01	2.895e-01	3.820e-02	3.970e-02	1.935e-03	3.818e-02
39	6.837e-03	5.059e-02	3.925e-02	9.068e-02	6.401e-02	-4.413e-02	-7.138e-02	-1.057e-02	7.567e-01	3.000e-01	3.853e-02	4.035e-02	1.956e-03	3.854e-02
39	7.403e-03	5.149e-02	3.884e-02	9.015e-02	6.304e-02	-4.427e-02	-7.191e-02	-1.179e-02	7.582e-01	2.860e-01	3.776e-02	3.935e-02	1.961e-03	3.779e-02
39	5.177e-03	5.251e-02	4.027e-02	8.942e-02	6.544e-02	-4.421e-02	-7.316e-02	-1.262e-02	7.711e-01	3.000e-01	3.789e-02	3.963e-02	1.991e-03	3.787e-02
39	7.951e-03	4.951e-02	3.528e-02	9.254e-02	6.388e-02	-4.294e-02	-7.093e-02	-1.286e-02	7.522e-01	2.953e-01	3.898e-02	4.064e-02	1.940e-03	3.898e-02
39	5.957e-03	5.013e-02	2.915e-02	9.055e-02	6.728e-02	-4.377e-02	-7.474e-02	-1.421e-02	7.642e-01	2.886e-01	3.857e-02	3.996e-02	1.936e-03	3.856e-02
39	6.872e-03	4.959e-02	3.351e-02	9.193e-02	6.484e-02	-4.391e-02	-7.154e-02	-1.464e-02	7.638e-01	2.941e-01	3.890e-02	4.054e-02	1.947e-03	3.890e-02
39	6.680e-03	4.991e-02	3.520e-02	9.289e-02	6.259e-02	-4.151e-02	-6.928e-02	-1.171e-02	7.615e-01	3.000e-01	3.985e-02	4.178e-02	1.915e-03	3.768e-02
40	7.547e-03	4.982e-02	4.204e-02	9.225e-02	6.317e-02	-4.484e-02	-6.639e-02	-9.890e-03	7.563e-01	2.964e-01	3.833e-02	4.012e-02	1.940e-03	3.832e-02
40	9.796e-03	4.947e-02	3.663e-02	9.241e-02	6.418e-02	-4.438e-02	-6.999e-02	-1.297e-02	7.467e-01	2.914e-01	3.747e-02	3.908e-02	1.949e-03	3.748e-02
40	7.281e-03	5.217e-02	3.579e-02	9.025e-02	6.585e-02	-4.445e-02	-7.166e-02	-1.189e-02	7.562e-01	2.831e-01	3.835e-02	3.986e-02	1.950e-03	3.830e-02
40	5.000e-03	4.689e-02	3.511e-02	9.221e-02	6.520e-02	-4.197e-02	-7.373e-02	-1.316e-02	7.643e-01	3.000e-01	3.815e-02	3.980e-02	1.940e-03	3.814e-02
40	6.733e-03	5.033e-02	3.572e-02	8.968e-02	6.541e-02	-4.308e-02	-7.087e-02	-1.293e-02	7.601e-01	2.872e-01	3.762e-02	3.903e-02	1.933e-03	3.761e-02
40	6.207e-03	4.652e-02	3.281e-02	9.310e-02	6.522e-02	-4.449e-02	-7.303e-02	-1.518e-02	7.691e-01	3.000e-01	3.841e-02	4.006e-02	1.953e-03	3.842e-02
40	6.114e-03	4.915e-02	3.814e-02	9.186e-02	6.491e-02	-4.154e-02	-7.287e-02	-1.333e-02	7.631e-01	3.000e-01	3.926e-02	4.101e-02	1.963e-03	3.925e-02
40	7.778e-03	5.121e-02	3.182e-02	9.245e-02	6.388e-02	-4.310e-02	-7.119e-02	-1.435e-02	7.632e-01	2.989e-01	3.846e-02	4.014e-02	1.942e-03	3.851e-02
41	5.871e-03	5.077e-02	3.871e-02	8.967e-02	6.631e-02	-4.265e-02	-7.209e-02	-1.332e-02	7.704e-01	2.926e-01	3.928e-02	4.093e-02	1.966e-03	3.932e-02
41	6.541e-03	4.767e-02	3.934e-02	9.439e-02	6.282e-02	-4.119e-02	-7.091e-02	-1.270e-02	7.641e-01	3.000e-01	3.736e-02	3.925e-02	1.953e-03	3.737e-02
41	6.556e-03	5.046e-02	3.730e-02	9.099e-02	6.458e-02	-4.201e-02	-7.369e-02	-1.231e-02	7.683e-01	3.000e-01	3.843e-02	4.012e-02	1.964e-03	3.843e-02
41	5.790e-03	4.925e-02	3.464e-02	9.172e-02	6.572e-02	-4.067e-02	-7.318e-02	-1.394e-02	7.669e-01	3.000e-01	3.935e-02	4.103e-02	1.948e-03	3.934e-02
41	6.293e-03	5.046e-02	3.950e-02	9.196e-02	6.398e-02	-4.020e-02	-7.201e-02	-1.361e-02	7.618e-01	3.000e-01	3.927e-02	4.106e-02	1.963e-03	3.926e-02
41	6.682e-03	4.986e-02	3.457e-02	9.152e-02	6.447e-02	-4.303e-02	-7.151e-02	-1.447e-02	7.557e-01	2.965e-01	3.857e-02	4.023e-02	1.948e-03	3.858e-02
41	6.416e-03	5.060e-02	3.781e-02	9.048e-02	6.471e-02	-4.338e-02	-7.277e-02	-1.132e-02	7.601e-01	2.939e-01	3.744e-02	3.906e-02	1.954e-03	3.746e-02
41	7.145e-03	5.024e-02	3.725e-02	9.229e-02	6.220e-02	-4.048e-02	-7.115e-02	-1.298e-02	7.540e-01	3.000e-01	3.920e-02	4.105e-02	1.943e-03	3.915e-02
42	6.597e-03	4.929e-02	3.788e-02	9.194e-02	6.355e-02	-3.934e-02	-7.240e-02	-1.171e-02	7.536e-01	2.995e-01	4.028e-02	4.212e-02	1.939e-03	4.027e-02
42	7.351e-03	4.911e-02	4.239e-02	9.255e-02	6.481e-02	-4.206e-02	-6.997e-02	-1.302e-02	7.626e-01	2.867e-01	3.718e-02	3.878e-02	1.970e-03	3.719e-02
42	6.744e-03	4.867e-02	3.645e-02	8.996e-02	6.533e-02	-4.133e-02	-7.286e-02	-1.312e-02	7.602e-01	2.978e-01	3.915e-02	4.082e-02	1.942e-03	3.916e-02
42	5.113e-03	4.901e-02	4.188e-02	9.183e-02	6.421e-02	-3.940e-02	-7.108e-02	-1.292e-02	7.632e-01	2.980e-01	4.025e-02	4.213e-02	1.956e-03	4.024e-02
42	5.578e-03	5.049e-02	4.442e-02	8.802e-02	6.681e-02	-4.434e-02	-7.261e-02	-1.013e-02	7.627e-01	2.926e-01	3.806e-02	3.988e-02	1.980e-03	3.808e-02
42	6.391e-03	4.924e-02	3.228e-02	9.391e-02	6.213e-02	-3.878e-02	-7.286e-02	-1.548e-02	7.570e-01	3.000e-01	3.860e-02	4.025e-02	1.934e-03	3.858e-02
42	6.640e-03	5.054e-02	3.639e-02	9.032e-02	6.372e-02	-4.389e-02	-7.092e-02	-1.264e-02	7.600e-01	2.956e-01	3.872e-02	4.048e-02	1.942e-03	3.874e-02
42	7.131e-03	5.159e-02	4.155e-02	9.024e-02	6.321e-02	-4.018e-02	-7.122e-02	-1.173e-02	7.608e-01	2.986e-01	3.824e-02	4.010e-02	1.959e-03	3.822e-02
43	5.000e-03	4.806e-02	4.322e-02	9.074e-02	6.522e-02	-4.294e-02	-7.158e-02	-1.113e-02	7.651e-01	2.931e-01	3.898e-02	4.082e-02	1.961e-03	3.892e-02
43	7.588e-03	4.895e-02	4.003e-02	9.219e-02	6.338e-02	-4.060e-02	-7.096e-02	-1.273e-02	7.563e-01	2.995e-01	3.829e-02	4.005e-02	1.954e-03	3.828e-02
43	6.854e-03	4.850e-02	4.300e-02	9.259e-02	6.362e-02	-3.923e-02	-6.963e-02	-1.256e-02	7.650e-01	2.950e-01	3.929e-02	4.107e-02	1.952e-03	3.928e-02
43	5.000e-03	4.939e-02	3.958e-02	9.172e-02	6.457e-02	-3.769e-02	-7.327e-02	-1.256e-02	7.603e-01	2.995e-01	3.946e-02	4.133e-02	1.950e-03	3.941e-02
43	7.120e-03	4.751e-02	3.407e-02	9.253e-02	6.266e-02	-4.052e-02	-7.239e-02	-1.405e-02	7.615e-01	3.000e-01	3.866e-02	4.034e-02	1.927e-03	3.866e-02
43	6.337e-03	4.805e-02	3.684e-02	9.207e-02	6.349e-02	-3.969e-02	-7.247e-02	-1.232e-02	7.566e-01	2.974e-01	3.894e-02	4.063e-02	1.931e-03	3.892e-02
43	5.087e-03	4.954e-02	4.309e-02	9.211e-02	6.355e-02	-3.790e-02	-7.161e-02	-1.137e-02	7.654e-01	3.000e-01	3.909e-02	4.120e-02	1.953e-03	3.896e-02
43	5.000e-03	4.781e-02	4.442e-02	9.142e-02	6.457e-02	-4.070e-02	-7.234e-02	-1.162e-02	7.690e-01	3.000e-01	3.775e-02	3.960e-02	1.972e-03	3.776e-02
44	5.560e-03	4.884e-02	4.071e-02	9.349e-02	6.233e-02	-3.641e-02	-7.101e-02	-1.175e-02	7.608e-01	3.000e-01	4.011e-02	4.199e-02	1.933e-03	4.012e-02
44	5.229e-03	4.811e-02	4.267e-02	9.281e-02	6.285e-02	-3.831e-02	-7.021e-02	-1.233e-02	7.575e-01	3.000e-01	3.828e-02	4.016e-02	1.944e-03	3.830e-02
44	5.000e-03	4.919e-02	3.902e-02	9.123e-02	6.492e-02	-3.842e-02	-7.468e-02	-1.225e-02	7.617e-01	3.000e-01	3.989e-02	4.168e-02	1.954e-03	3.987e-02
44	6.528e-03	4.816e-02	4.066e-02	9.262e-02	6.388e-02	-4.108e-02	-7.059e-02	-1.157e-02	7.586e-01	2.983e-01	3.885e-02	4.069e-02	1.950e-03	3.883e-02
44	6.278e-03	4.924e-02	3.913e-02	9.171e-02	6.270e-02	-3.619e-02	-7.258e-02	-1.303e-02	7.604e-01	2.957e-01	3.895e-02	4.067e-02	1.935e-03	3.896e-02
44	7.300e-03	4.876e-02	3.851e-02	9.204e-02	6.389e-02	-4.114e-02	-7.227e-02	-1.210e-02	7.593e-01	2.984e-01	3.868e-02	4.045e-02	1.954e-03	3.866e-02
44	5.272e-03	4.515e-02	3.936e-02	9.306e-02	6.484e-02	-4.073e-02	-7.140e-02	-1.458e-02	7.634e-01	2.935e-01	3.902e-02	4.071e-02	1.946e-03	3.901e-02
44	6.419e-03	4.960e-02	4.051e-02	9.218e-02	6.451e-02	-3.909e-02	-6.986e-02	-1.156e-02	7.607e-01	2.950e-01	3.813e-02	4.086e-02	1.938e-03	3.821e-02
45	5.000e-03	4.906e-02	4.089e-02	9.236e-02	6.354e-02	-3.567e-02	-7.287e-02	-1.102e-02	7.635e-01	2.992e-01	3.935e-02	4.119e-02	1.936e-03	3.935e-02
45	5.000e-03	4.668e-02	4.336e-02	9.335e-02	6.383e-02	-3.762e-02	-7.264e-02	-1.226e-02	7.656e-01	2.968e-01	3.879e-02	4.063e-02	1.960e-03	3.880e-02
45	5.456e-03	4.889e-02	4.141e-02	9.221e-02	6.296e-02	-3.656e-02	-7.313e-02	-1.306e-02	7.674e-01	2.989e-01	3.875e-02	4.054e-02	1.954e-03	3.875e-02
45	5.000e-03	4.748e-02	3.841e-02	9.299e-02	6.347e-02	-3.796e-02	-7.289e-02	-1.314e-02	7.633e-01	3.000e-01	3.902e-02	4.097e-02	1.939e-03	3.894e-02
45	5.703e-03	4.972e-02	3.965e-02	9.293e-02	6.338e-02	-3.751e-02	-7.113e-02	-1.218e-02	7.641e-01	3.000e-01	3.918e-02	4.101e-02	1.940e-03	3.914e-02
45	5.000e-03	4.688e-02	3.882e-02	9.225e-02	6.530e-02	-3.810e-02	-7.516e-02	-1.122e-02	7.632e-01	3.000e-01	3.882e-02	4.057e-02	1.944e-03	3.881e-02
45	5.000e-03	5.040e-02	4.180e-02	9.197e-02	6.355e-02	-3.597e-02	-7.093e-02	-1.105e-02	7.616e-01	3.000e-01	3.912e-02	4.097e-02	1.934e-03	3.914e-02
45	5.000e-03	4.801e-02	4.076e-02	9.325e-02	6.280e-02	-3.857e-02	-7.223e-02	-1.177e-02	7.590e-01	3.000e-01	3.897e-02	4.088e-02	1.947e-03	3.901e-02
46	6.744e-03	4.989e-02	4.039e-02	9.257e-02	6.240e-02	-3.596e-02	-7.084e-02	-1.156e-02	7.601e-01	2.980e-01	3.968e-02	4.149e-02	1.930e-03	3.968e-02
46	6.519e-03	4.940e-02	3.591e-02	9.322e-02	6.316e-02	-3.800e-02	-7.204e-02	-1.213e-02	7.635e-01	2.987e-01	3.909e-02	4.079e-02	1.926e-03	3.904e-02
46	5.494e-03	4.922e-02	3.733e-02	9.402e-02	6.221e-02	-3.401e-02	-7.264e-02	-1.333e-02	7.623e-01	2.990e-01	3.923e-02	4.104e-02	1.924e-03	3.873e-02
46	5.888e-03	5.095e-02	4.118e-02	9.162e-02	6.389e-02	-3.700e-02	-7.036e-02	-1.083e-02	7.567e-01	2.975e-01	4.013e-02	4.196e-02	1.935e-03	4.011e-02
46	6.588e-03	4.958e-02	3.942e-02	9.161e-02	6.267e-02	-3.901e-02	-7.124e-02	-1.058e-02	7.543e-01	3.000e-01	3.854e-02	4.032e-02	1.929e-03	3.853e-02
46	6.012e-03	5.141e-02	4.239e-02	9.135e-02	6.263e-02	-3.480e-02	-7.188e-02	-1.034e-02	7.594e-01	2.992e-01	3.984e-02	4.179e-02	1.940e-03	3.978e-02
46	5.000e-03	4.931e-02	4.499e-02	9.135e-02	6.419e-02	-3.963e-02	-7.068e-02	-8.842e-03	7.656e-01	3.000e-01	3.878e-02	4.071e-02	1.950e-03	3.879e-02
46	5.000e-03	4.987e-02	4.095e-02	9.312e-02	6.315e-02	-3.541e-02	-7.233e-02	-1.174e-02	7.631e-01	3.000e-01	3.863e-02	4.045e-02	1.942e-03	3.863e-02
47	5.000e-03	5.022e-02	4.269e-02	9.044e-02	6.449e-02	-3.506e-02	-7.192e-02	-1.043e-02	7.655e-01	2.966e-01	3.865e-02	4.043e-02	1.934e-03	3.864e-02
47	5.827e-03	5.106e-02	4.077e-02	9.207e-02	6.280e-02	-3.428e-02	-7.140e-02	-1.169e-02	7.551e-01	3.000e-01	3.953e-02	4.139e-02	1.933e-03	3.952e-02
47	6.810e-03	5.234e-02	4.320e-02	9.217e-02	6.212e-02	-3.594e-02	-6.802e-02	-1.077e-02	7.527e-01	2.953e-01	3.946e-02	4.149e-02	1.927e-03	3.953e-02
47	6.733e-03	5.115e-02	4.030e-02	9.152e-02	6.377e-02	-3.736e-02	-7.205e-02	-1.187e-02	7.608e-01	2.975e-01	3.868e-02	4.050e-02	1.950e-03	3.867e-02
47	5.521e-03	5.129e-02	4.484e-02	9.066e-02	6.321e-02	-3.481e-02	-7.116e-02	-1.045e-02	7.597e-01	2.970e-01	3.859e-02	4.043e-02	1.946e-03	3.860e-02
47	5.085e-03	5.132e-02	4.256e-02	9.045e-02	6.407e-02	-3.677e-02	-7.117e-02	-9.703e-03	7.624e-01	2.992e-01	3.885e-02	4.071e-02	1.932e-03	3.886e-02
47	7.243e-03	5.168e-02	4.131e-02	9.164e-02	6.326e-02	-3.769e-02	-7.108e-02	-1.189e-02	7.560e-01	2.976e-01	3.875e-02	4.058e-02	1.954e-03	3.874e-02
47	5.903e-03	5.082e-02	4.389e-02	9.211e-02	6.248e-02	-3.235e-02	-7.011e-02	-1.044e-02	7.564e-01	2.976e-01	3.909e-02	4.097e-02	1.925e-03	3.892e-02
48	6.467e-03	5.252e-02	4.252e-02	9.205e-02	6.213e-02	-3.581e-02	-7.021e-02	-1.254e-02	7.538e-01	2.979e-01	3.892e-02	4.081e-02	1.953e-03	3.893e-02
48	5.989e-03	5.107e-02	4.251e-02	9.103e-02	6.430e-02	-3.757e-02	-6.976e-02	-1.100e-02	7.486e-01	2.971e-01	3.840e-02	4.030e-02	1.939e-03	3.842e-02
48	6.000e-03	4.998e-02	4.361e-02	9.226e-02	6.276e-02	-3.454e-02	-6.966e-02	-1.099e-02	7.578e-01	2.986e-01	3.918e-02	4.108e-02	1.933e-03	3.918e-02
48	5.834e-03	5.169e-02	4.272e-02	9.148e-02	6.328e-02	-3.505e-02	-7.061e-02	-1.200e-02	7.566e-01	2.978e-01	3.964e-02	4.163e-02	1.946e-03	3.960e-02
48	5.140e-03	5.181e-02	4.498e-02	9.104e-02	6.334e-02	-3.413e-02	-7.135e-02	-9.674e-03	7.591e-01	2.966e-01	3.939e-02	4.136e-02	1.943e-03	3.946e-02
48	7.788e-03	5.402e-02	4.270e-02	9.205e-02	6.129e-02	-3.503e-02	-6.634e-02	-1.061e-02	7.475e-01	2.948e-01	3.940e-02	4.127e-02	1.915e-03	3.728e-02
48	6.811e-03	5.404e-02	3.955e-02	9.077e-02	6.356e-02	-3.547e-02	-7.095e-02	-1.160e-02	7.497e-01	2.981e-01	3.925e-02	4.103e-02	1.938e-03	3.924e-02
48	6.178e-03	4.996e-02	4.200e-02	9.219e-02	6.262e-02	-3.507e-02	-7.053e-02	-1.048e-02	7.553e-01	2.974e-01	3.883e-02	4.064e-02	1.925e-03	3.861e-02
49	5.271e-03	5.223e-02	4.230e-02	9.169e-02	6.378e-02	-3.508e-02	-7.080e-02	-1.210e-02	7.614e-01	2.964e-01	3.921e-02	4.100e-02	1.946e-03	3.920e-02
49	6.613e-03	5.257e-02	4.259e-02	9.159e-02	6.250e-02	-3.490e-02	-6.979e-02	-1.090e-02	7.473e-01	2.991e-01	3.997e-02	4.190e-02	1.931e-03	3.997e-02
49	5.753e-03	5.032e-02	4.849e-02	9.103e-02	6.327e-02	-3.630e-02	-6.947e-02	-9.701e-03	7.656e-01	2.984e-01	3.792e-02	3.986e-02	1.957e-03	3.792e-02
49	6.193e-03	5.369e-02	4.541e-02	9.155e-02	6.197e-02	-3.185e-02	-6.955e-02	-1.027e-02	7.523e-01	2.989e-01	3.940e-02	4.143e-02	1.936e-03	3.942e-02
49	5.683e-03	5.318e-02	4.306e-02	9.110e-02	6.333e-02	-3.426e-02	-7.076e-02	-1.204e-02	7.607e-01	2.959e-01	3.946e-02	4.129e-02	1.949e-03	3.945e-02
49	5.000e-03	5.064e-02	4.353e-02	9.157e-02	6.322e-02	-3.417e-02	-7.192e-02	-9.771e-03	7.592e-01	2.993e-01	4.003e-02	4.200e-02	1.936e-03	4.003e-02
49	5.893e-03	5.225e-02	4.580e-02	9.086e-02	6.327e-02	-3.431e-02	-7.072e-02	-9.408e-03	7.552e-01	2.969e-01	3.897e-02	4.084e-02	1.944e-03	3.897e-02
49	5.709e-03	5.203e-02	4.426e-02	9.136e-02	6.342e-02	-3.466e-02	-7.122e-02	-1.087e-02	7.599e-01	2.991e-01	3.957e-02	4.163e-02	1.951e-03	3.951e-02
