Index	edge	1	2	3	4	5	6	7	8	9	finesse_moy	finesse_max	Area	Reward
0	3.352e-02	6.373e-02	1.028e-01	9.963e-02	4.747e-02	-2.794e-02	-8.360e-02	-4.352e-03	4.399e-01	-5.043e-02	2.234e-02	2.240e-02	1.233e-03	2.234e-02
0	1.230e-02	4.468e-02	4.314e-02	1.109e-01	6.642e-02	-4.320e-02	-5.450e-02	-2.260e-02	6.132e-01	-2.461e-02	2.158e-02	2.159e-02	1.018e-03	1.522e-02
0	3.194e-02	4.821e-02	1.133e-01	1.037e-01	4.302e-02	-4.001e-02	-5.097e-02	-3.558e-02	7.638e-01	-2.376e-03	2.397e-02	2.399e-02	1.254e-03	2.397e-02
0	2.853e-02	3.088e-02	9.870e-02	7.699e-02	1.065e-01	-6.691e-02	-4.791e-02	-6.571e-02	7.078e-01	1.313e-01	2.744e-02	2.755e-02	1.370e-03	1.003e-02
0	1.525e-02	4.594e-02	9.047e-03	1.136e-01	9.592e-02	-5.051e-02	-1.531e-02	-2.096e-02	5.481e-01	2.566e-02	2.341e-02	2.424e-02	8.541e-04	-1.563e-02
0	4.812e-02	1.553e-02	7.149e-02	4.607e-02	1.148e-01	-7.914e-02	-5.532e-02	-1.374e-02	7.631e-01	-9.090e-03	1.411e-02	1.516e-02	1.052e-03	1.411e-02
0	1.687e-02	5.383e-02	1.965e-02	5.858e-02	1.193e-01	-5.508e-02	-6.639e-02	-1.799e-02	7.477e-01	9.540e-02	2.426e-02	2.585e-02	1.002e-03	1.471e-02
0	3.241e-02	3.138e-02	8.706e-02	1.032e-01	1.446e-01	0.000e+00	-4.551e-02	-1.016e-02	4.625e-01	-1.855e-02	1.675e-02	1.862e-02	1.087e-03	1.677e-02
1	3.336e-02	6.214e-02	1.155e-01	1.138e-01	4.535e-02	-5.275e-02	-8.354e-02	-4.831e-03	6.980e-01	-2.558e-02	2.053e-02	2.054e-02	1.362e-03	4.682e-03
1	3.326e-02	4.571e-02	9.838e-02	1.147e-01	6.030e-02	-6.383e-02	-7.357e-02	-9.433e-03	3.000e-01	-3.340e-02	2.038e-02	2.039e-02	1.297e-03	1.750e-02
1	3.667e-02	5.267e-02	1.065e-01	9.324e-02	7.724e-02	-1.876e-02	-8.093e-02	-9.546e-03	5.860e-01	-3.967e-02	2.222e-02	2.225e-02	1.238e-03	2.222e-02
1	2.691e-02	2.634e-02	8.853e-02	1.088e-01	8.604e-02	-2.410e-02	-6.416e-02	-9.272e-03	7.436e-01	-5.323e-02	1.963e-02	1.965e-02	1.099e-03	1.963e-02
1	2.429e-02	5.794e-02	9.538e-02	1.059e-01	8.257e-02	-1.842e-02	-7.318e-02	-8.873e-02	8.000e-01	5.590e-02	2.227e-02	2.233e-02	1.498e-03	-2.087e-02
1	3.517e-02	2.175e-02	1.169e-01	1.004e-01	1.075e-01	0.000e+00	-6.468e-02	-1.706e-02	7.496e-01	-2.348e-02	2.063e-02	2.063e-02	1.183e-03	2.063e-02
1	3.238e-02	7.000e-02	1.141e-01	1.024e-01	9.608e-02	-2.451e-02	-7.603e-02	-6.435e-03	3.000e-01	-9.854e-03	2.357e-02	2.359e-02	1.346e-03	1.080e-02
1	2.753e-02	5.353e-02	9.917e-02	7.866e-02	1.410e-01	0.000e+00	-4.713e-02	-1.626e-02	4.320e-01	-7.288e-02	1.238e-02	1.350e-02	1.126e-03	1.240e-02
2	2.739e-02	1.429e-02	1.122e-01	1.096e-01	5.862e-02	-3.045e-02	-6.107e-02	-1.029e-02	7.355e-01	-4.031e-02	2.218e-02	2.218e-02	1.115e-03	2.218e-02
2	2.964e-02	6.097e-02	5.285e-02	1.058e-01	1.002e-01	-8.000e-02	-6.894e-02	-3.522e-02	4.326e-01	-2.362e-03	1.536e-02	1.537e-02	1.335e-03	4.791e-03
2	1.705e-02	3.236e-02	1.152e-01	1.098e-01	1.355e-02	0.000e+00	-7.693e-02	-7.701e-03	6.256e-01	-6.057e-02	2.176e-02	2.177e-02	1.061e-03	2.176e-02
2	4.142e-02	6.028e-03	1.024e-01	1.066e-01	5.897e-02	-1.484e-02	-6.353e-02	-5.881e-02	4.828e-01	-4.831e-02	2.052e-02	2.052e-02	1.212e-03	2.052e-02
2	3.376e-02	6.559e-02	1.029e-01	1.092e-01	8.707e-02	-5.540e-02	-9.836e-02	-4.253e-03	6.100e-01	-1.000e-01	1.290e-02	1.290e-02	1.424e-03	-1.547e-02
2	4.462e-02	5.083e-02	4.915e-02	1.024e-01	1.126e-01	-6.826e-02	-7.736e-02	-9.397e-03	7.551e-01	6.996e-03	1.571e-02	1.590e-02	1.248e-03	1.571e-02
2	2.455e-02	2.964e-02	1.050e-01	8.312e-02	1.375e-01	-2.844e-02	-2.912e-02	-1.008e-02	4.353e-01	-5.185e-02	1.592e-02	1.713e-02	1.069e-03	1.593e-02
2	3.208e-02	4.545e-02	1.185e-01	1.063e-01	1.349e-01	-3.993e-02	-5.329e-02	-1.886e-02	5.177e-01	5.152e-02	2.253e-02	2.380e-02	1.375e-03	4.145e-03
3	3.294e-02	5.610e-02	9.971e-02	1.019e-01	8.196e-02	-5.460e-02	-7.218e-02	-9.783e-03	7.582e-01	-4.502e-02	1.943e-02	1.945e-02	1.297e-03	1.649e-02
3	3.193e-02	2.282e-02	4.265e-02	1.147e-01	3.080e-02	-4.790e-02	-5.788e-02	-3.716e-02	4.050e-01	-6.000e-02	1.927e-02	1.929e-02	1.010e-03	1.132e-02
3	2.699e-02	1.626e-02	1.167e-01	1.062e-01	6.178e-02	-2.530e-03	-8.018e-02	-7.305e-03	5.943e-01	-6.725e-03	2.349e-02	2.349e-02	1.131e-03	2.349e-02
3	3.665e-02	5.926e-02	4.913e-02	1.131e-01	0.000e+00	-1.737e-02	-6.312e-02	-7.320e-03	4.543e-01	-5.854e-02	2.386e-02	2.387e-02	9.292e-04	-1.704e-04
3	2.910e-02	2.894e-02	9.525e-02	1.124e-01	4.953e-02	-3.587e-02	-6.142e-02	-1.036e-02	3.606e-01	-2.643e-02	2.340e-02	2.344e-02	1.114e-03	2.340e-02
3	2.749e-02	2.396e-02	1.021e-01	6.063e-02	7.067e-02	-2.823e-02	-5.127e-02	-9.503e-03	5.822e-01	-2.541e-02	2.716e-02	2.716e-02	9.649e-04	1.027e-02
3	3.598e-02	3.841e-02	1.163e-01	1.025e-01	4.280e-02	-1.079e-02	-9.250e-02	-9.286e-03	6.146e-01	-7.571e-02	1.983e-02	1.983e-02	1.215e-03	1.983e-02
3	3.134e-02	0.000e+00	1.100e-01	1.086e-01	1.195e-01	-4.381e-02	-4.828e-02	-3.748e-02	7.468e-01	1.924e-02	1.923e-02	1.927e-02	1.259e-03	1.923e-02
4	2.013e-02	1.609e-02	1.062e-01	8.195e-02	9.793e-03	0.000e+00	-7.044e-02	-7.261e-03	3.000e-01	8.094e-03	2.904e-02	2.904e-02	9.075e-04	6.622e-04
4	3.479e-02	5.359e-02	1.118e-01	1.004e-01	7.791e-02	-3.005e-02	-8.906e-02	-5.272e-03	3.397e-01	-7.840e-02	1.837e-02	1.837e-02	1.311e-03	1.270e-02
4	4.014e-02	0.000e+00	1.116e-01	1.032e-01	4.561e-02	0.000e+00	-6.164e-02	-5.524e-03	4.948e-01	-2.695e-02	2.508e-02	2.508e-02	9.803e-04	1.126e-02
4	3.705e-02	3.625e-02	1.024e-01	1.078e-01	5.681e-02	-3.493e-02	-4.844e-02	-7.971e-03	6.919e-01	-9.687e-03	2.574e-02	2.575e-02	1.113e-03	2.574e-02
4	2.811e-02	3.211e-02	1.102e-01	1.200e-01	6.977e-02	-2.582e-02	-5.283e-02	-1.639e-02	4.642e-01	-2.181e-02	2.375e-02	2.377e-02	1.187e-03	2.376e-02
4	3.589e-02	4.094e-02	1.102e-01	1.030e-01	2.271e-02	-4.327e-02	-4.405e-02	-1.118e-02	3.336e-01	-3.344e-02	2.530e-02	2.531e-02	1.096e-03	2.531e-02
4	2.813e-02	4.575e-02	1.192e-01	1.021e-01	5.552e-02	0.000e+00	-8.521e-02	-4.157e-02	4.486e-01	-2.730e-02	2.128e-02	2.132e-02	1.321e-03	1.368e-02
4	3.204e-02	3.228e-02	1.200e-01	1.049e-01	1.500e-01	-3.514e-02	-7.635e-02	-2.405e-02	6.814e-01	-4.998e-02	8.985e-03	1.050e-02	1.431e-03	-2.064e-02
5	2.404e-02	5.153e-02	1.166e-01	1.034e-01	2.891e-02	-9.697e-03	-5.921e-02	-9.728e-03	3.000e-01	-1.015e-02	2.619e-02	2.619e-02	1.112e-03	2.619e-02
5	3.967e-02	5.779e-02	1.073e-01	1.117e-01	7.261e-02	-5.420e-04	-6.370e-02	-2.740e-02	5.829e-01	-5.289e-02	2.173e-02	2.173e-02	1.255e-03	2.173e-02
5	4.071e-02	5.027e-02	9.986e-02	1.140e-01	4.428e-02	-6.163e-03	-6.263e-02	-9.250e-03	4.317e-01	-1.626e-02	2.507e-02	2.507e-02	1.132e-03	2.507e-02
5	4.079e-02	1.000e-02	1.072e-01	1.082e-01	9.336e-02	-2.030e-02	-3.352e-02	-4.149e-02	7.265e-01	-6.400e-02	1.901e-02	1.903e-02	1.139e-03	1.901e-02
5	2.708e-02	3.618e-02	1.025e-01	1.100e-01	4.824e-02	-6.301e-02	-2.873e-02	-2.905e-02	3.320e-01	-2.523e-02	2.316e-02	2.318e-02	1.156e-03	2.316e-02
5	2.813e-02	5.341e-02	1.002e-01	1.140e-01	5.635e-02	-2.634e-02	-3.054e-02	-4.263e-02	3.319e-01	1.360e-02	2.560e-02	2.560e-02	1.192e-03	2.560e-02
5	3.405e-02	5.197e-02	1.056e-01	1.041e-01	1.237e-01	-4.704e-02	-6.618e-02	-2.819e-02	4.239e-01	-3.571e-02	1.407e-02	1.410e-02	1.407e-03	-1.086e-02
5	2.144e-02	3.148e-02	1.001e-01	1.076e-01	9.114e-03	-3.010e-02	-5.918e-02	-1.109e-02	5.022e-01	-2.234e-02	2.469e-02	2.475e-02	1.031e-03	2.104e-02
6	2.500e-02	5.988e-02	1.017e-01	1.200e-01	3.829e-03	-2.391e-02	-2.879e-02	-1.086e-02	5.561e-01	-1.520e-02	2.663e-02	2.665e-02	1.020e-03	2.084e-02
6	2.230e-02	5.173e-02	1.166e-01	1.200e-01	5.869e-02	-2.659e-02	-6.147e-02	-2.515e-02	7.394e-01	-3.440e-02	2.123e-02	2.125e-02	1.289e-03	1.995e-02
6	2.792e-02	6.483e-02	8.778e-02	1.005e-01	3.708e-02	-1.599e-02	-5.351e-02	-9.018e-03	4.955e-01	-1.835e-02	2.919e-02	2.921e-02	1.056e-03	2.918e-02
6	2.700e-02	5.027e-02	1.029e-01	1.137e-01	4.333e-02	-3.942e-02	-4.954e-02	-1.140e-02	3.000e-01	-6.864e-04	2.565e-02	2.565e-02	1.158e-03	2.565e-02
6	3.638e-02	5.195e-02	1.110e-01	1.148e-01	5.848e-02	-3.420e-02	-5.731e-02	-1.084e-02	3.000e-01	-1.895e-02	2.347e-02	2.348e-02	1.239e-03	2.347e-02
6	2.884e-02	4.827e-02	1.119e-01	1.022e-01	2.804e-02	-1.074e-02	-6.640e-02	-2.283e-02	5.201e-01	1.064e-02	2.498e-02	2.498e-02	1.165e-03	2.498e-02
6	2.916e-02	5.893e-02	1.136e-01	1.073e-01	1.668e-02	0.000e+00	-4.552e-02	-9.416e-03	3.420e-01	-1.981e-02	2.774e-02	2.774e-02	1.049e-03	2.759e-02
6	3.108e-02	4.441e-02	1.107e-01	1.106e-01	9.002e-02	-1.646e-02	-8.395e-02	-1.109e-02	5.946e-01	8.459e-03	2.271e-02	2.272e-02	1.306e-03	1.805e-02
7	3.243e-02	4.299e-02	5.367e-02	1.084e-01	3.382e-02	-1.278e-02	-5.449e-02	-5.909e-03	3.248e-01	-2.478e-02	2.749e-02	2.750e-02	8.968e-04	-3.022e-03
7	2.624e-02	4.003e-02	1.062e-01	1.008e-01	1.491e-02	0.000e+00	-4.264e-02	-8.807e-03	3.000e-01	-5.837e-02	2.715e-02	2.716e-02	9.359e-04	4.447e-03
7	2.232e-02	5.655e-02	9.689e-02	1.083e-01	3.898e-02	-3.045e-02	-7.124e-02	-1.704e-02	3.000e-01	-5.493e-03	2.410e-02	2.412e-02	1.201e-03	2.410e-02
7	2.116e-02	6.656e-02	1.095e-01	1.070e-01	0.000e+00	0.000e+00	-5.774e-02	-1.025e-02	3.000e-01	-2.756e-02	2.588e-02	2.590e-02	1.061e-03	2.587e-02
7	2.291e-02	5.844e-02	9.883e-02	1.114e-01	3.116e-02	-4.676e-02	-2.878e-02	-7.750e-03	4.608e-01	2.181e-02	2.825e-02	2.826e-02	1.072e-03	2.825e-02
7	2.865e-02	5.534e-02	1.080e-01	1.030e-01	5.762e-02	0.000e+00	-6.709e-02	-8.295e-03	3.787e-01	7.147e-02	3.066e-02	3.066e-02	1.157e-03	3.066e-02
7	2.287e-02	5.772e-02	1.104e-01	1.045e-01	5.505e-02	0.000e+00	-4.078e-02	-1.134e-02	5.686e-01	8.852e-02	3.238e-02	3.240e-02	1.088e-03	3.237e-02
7	3.056e-02	6.256e-02	1.016e-01	1.057e-01	5.437e-03	-3.499e-02	-4.767e-02	-3.498e-02	3.000e-01	9.990e-02	2.605e-02	2.619e-02	1.187e-03	2.604e-02
8	2.521e-02	2.943e-02	1.069e-01	1.036e-01	3.500e-02	0.000e+00	-3.725e-02	-1.463e-02	5.885e-01	-1.144e-02	2.804e-02	2.812e-02	9.533e-04	8.814e-03
8	2.870e-02	5.335e-02	1.106e-01	1.068e-01	5.091e-03	-3.777e-03	-6.024e-02	-7.064e-03	6.666e-01	-6.060e-02	2.417e-02	2.420e-02	1.046e-03	2.348e-02
8	2.591e-02	6.658e-02	1.010e-01	1.077e-01	2.390e-02	-5.322e-03	-1.608e-02	-2.834e-02	3.000e-01	3.181e-02	3.046e-02	3.050e-02	1.016e-03	2.380e-02
8	2.122e-02	5.750e-02	1.181e-01	9.764e-02	5.239e-02	-3.026e-02	-5.814e-02	-9.302e-03	4.793e-01	9.760e-02	2.963e-02	2.982e-02	1.209e-03	2.964e-02
8	2.714e-02	5.558e-02	1.162e-01	1.157e-01	4.837e-02	-5.223e-03	-3.099e-02	-1.045e-02	3.375e-01	1.019e-01	3.161e-02	3.281e-02	1.097e-03	3.160e-02
8	2.000e-02	5.334e-02	1.008e-01	1.065e-01	7.694e-02	-7.387e-03	-9.001e-03	-1.708e-02	3.000e-01	1.212e-01	3.433e-02	3.567e-02	1.006e-03	2.562e-02
8	2.367e-02	6.573e-02	1.042e-01	1.046e-01	1.803e-04	-1.968e-02	-6.067e-02	-3.485e-02	3.000e-01	1.552e-01	2.759e-02	2.920e-02	1.200e-03	2.755e-02
8	2.031e-02	5.543e-02	1.200e-01	1.090e-01	6.687e-03	0.000e+00	-5.135e-02	-9.569e-03	5.302e-01	1.858e-01	3.316e-02	3.553e-02	1.092e-03	3.316e-02
9	1.915e-02	5.836e-02	1.119e-01	1.056e-01	3.937e-02	-1.845e-02	-4.334e-02	-7.267e-03	6.125e-01	-3.047e-02	2.703e-02	2.704e-02	1.082e-03	2.703e-02
9	2.072e-02	7.000e-02	1.164e-01	1.150e-01	2.839e-02	-3.328e-03	-3.297e-02	-1.419e-02	3.000e-01	3.940e-02	2.958e-02	2.965e-02	1.100e-03	2.957e-02
9	2.165e-02	7.000e-02	1.200e-01	1.152e-01	8.973e-02	-3.596e-02	-5.467e-02	-8.761e-03	3.536e-01	8.377e-02	2.913e-02	2.995e-02	1.345e-03	1.663e-02
9	2.324e-02	2.281e-02	1.200e-01	1.062e-01	5.031e-02	-1.169e-02	-2.924e-02	-1.111e-02	5.298e-01	1.201e-01	3.292e-02	3.423e-02	1.016e-03	2.618e-02
9	1.910e-02	6.311e-02	1.153e-01	1.101e-01	2.310e-02	-1.219e-02	-4.238e-02	-1.858e-02	3.000e-01	1.985e-01	3.282e-02	3.551e-02	1.143e-03	3.283e-02
9	2.637e-02	6.287e-02	1.200e-01	1.094e-01	4.447e-02	-3.166e-02	-5.031e-02	-1.135e-02	3.000e-01	1.830e-01	3.280e-02	3.518e-02	1.244e-03	3.279e-02
9	2.172e-02	6.437e-02	1.200e-01	1.064e-01	4.137e-02	0.000e+00	-1.695e-02	-7.496e-03	3.187e-01	1.862e-01	3.607e-02	3.847e-02	1.031e-03	3.242e-02
9	2.680e-02	6.026e-02	1.196e-01	1.087e-01	6.567e-02	-2.456e-02	-4.670e-02	-1.556e-02	5.112e-01	2.497e-01	3.664e-02	3.969e-02	1.273e-03	3.664e-02
10	2.898e-02	6.654e-02	1.155e-01	1.122e-01	3.408e-02	-4.610e-02	-5.952e-02	-1.064e-02	3.509e-01	-2.411e-02	2.436e-02	2.438e-02	1.270e-03	2.436e-02
10	3.070e-02	6.273e-02	1.200e-01	1.099e-01	5.366e-02	-1.516e-02	-5.470e-02	-2.652e-02	5.040e-01	6.573e-02	2.705e-02	2.706e-02	1.282e-03	2.705e-02
10	2.250e-02	6.959e-02	1.200e-01	1.056e-01	2.603e-02	-4.068e-02	-6.325e-02	-1.059e-02	5.021e-01	1.630e-01	3.091e-02	3.263e-02	1.285e-03	3.041e-02
10	2.347e-02	6.521e-02	1.112e-01	1.075e-01	5.192e-02	-4.381e-02	-1.426e-02	-7.384e-03	3.545e-01	1.684e-01	3.558e-02	3.757e-02	1.114e-03	3.556e-02
10	2.359e-02	6.346e-02	1.196e-01	1.108e-01	4.595e-02	-2.146e-02	-3.411e-02	-6.661e-03	4.814e-01	1.733e-01	3.501e-02	3.705e-02	1.157e-03	3.499e-02
10	2.307e-02	5.386e-02	1.117e-01	1.118e-01	3.745e-02	-1.727e-02	-5.064e-02	-1.620e-02	4.708e-01	2.268e-01	3.545e-02	3.833e-02	1.183e-03	3.545e-02
10	2.435e-02	6.616e-02	1.200e-01	1.142e-01	4.857e-02	-9.546e-03	-3.538e-02	-2.223e-02	3.000e-01	2.082e-01	3.395e-02	3.680e-02	1.207e-03	3.394e-02
10	1.793e-02	5.767e-02	1.199e-01	1.111e-01	6.038e-02	-2.142e-02	-5.626e-02	-3.032e-02	3.530e-01	2.750e-01	3.481e-02	3.868e-02	1.323e-03	2.679e-02
11	2.339e-02	4.857e-02	1.200e-01	1.088e-01	2.680e-02	-2.457e-03	-5.972e-02	-8.364e-03	4.588e-01	4.094e-02	2.671e-02	2.677e-02	1.113e-03	2.671e-02
11	2.392e-02	6.070e-02	1.053e-01	1.128e-01	1.530e-02	-2.195e-02	-3.729e-02	-6.693e-03	4.979e-01	1.358e-01	3.237e-02	3.387e-02	1.069e-03	3.238e-02
11	2.826e-02	6.293e-02	1.136e-01	1.133e-01	7.362e-02	-3.759e-02	-4.396e-02	-7.058e-03	4.203e-01	1.617e-01	3.459e-02	3.647e-02	1.260e-03	3.457e-02
11	2.110e-02	6.438e-02	1.053e-01	1.097e-01	4.872e-02	-2.378e-02	-3.097e-02	-7.101e-03	3.767e-01	1.548e-01	3.432e-02	3.605e-02	1.101e-03	3.431e-02
11	2.493e-02	7.000e-02	1.116e-01	1.119e-01	4.187e-02	-2.506e-02	-5.133e-02	-7.864e-03	3.781e-01	1.889e-01	3.411e-02	3.644e-02	1.216e-03	3.411e-02
11	2.512e-02	6.005e-02	1.121e-01	1.132e-01	7.933e-02	-3.319e-02	-1.366e-02	-1.038e-02	3.000e-01	2.312e-01	3.686e-02	4.018e-02	1.153e-03	3.683e-02
11	2.092e-02	6.569e-02	1.028e-01	1.101e-01	5.315e-02	-3.411e-02	-1.429e-02	-9.050e-03	3.000e-01	2.415e-01	3.760e-02	4.089e-02	1.085e-03	3.759e-02
11	2.704e-02	6.697e-02	1.163e-01	1.138e-01	4.512e-02	-2.588e-02	-4.095e-02	-8.716e-03	4.111e-01	2.916e-01	3.699e-02	4.117e-02	1.222e-03	3.700e-02
12	3.018e-02	6.533e-02	1.094e-01	1.103e-01	4.924e-02	-5.295e-02	-2.293e-02	-1.013e-02	3.000e-01	2.784e-01	3.573e-02	3.972e-02	1.194e-03	3.577e-02
12	2.472e-02	5.993e-02	1.143e-01	1.149e-01	3.171e-02	-2.307e-02	-2.550e-02	-9.684e-03	3.144e-01	2.333e-01	3.462e-02	3.806e-02	1.107e-03	3.462e-02
12	2.368e-02	5.896e-02	1.012e-01	1.098e-01	4.122e-02	-3.274e-02	-2.119e-02	-1.050e-02	5.323e-01	2.443e-01	3.871e-02	4.161e-02	1.086e-03	3.872e-02
12	2.222e-02	6.375e-02	1.051e-01	1.111e-01	5.122e-02	-3.870e-02	-2.035e-02	-8.406e-03	3.760e-01	2.902e-01	3.814e-02	4.221e-02	1.128e-03	3.817e-02
12	2.409e-02	5.702e-02	1.137e-01	1.141e-01	4.674e-02	-1.895e-02	-2.493e-02	-9.862e-03	3.299e-01	2.954e-01	3.627e-02	4.071e-02	1.118e-03	3.626e-02
12	2.287e-02	5.963e-02	1.131e-01	1.163e-01	5.022e-02	-2.125e-02	-1.057e-02	-6.080e-03	4.027e-01	2.950e-01	3.868e-02	4.308e-02	1.078e-03	3.869e-02
12	3.285e-02	7.000e-02	1.088e-01	1.108e-01	8.923e-02	-4.685e-02	0.000e+00	-9.915e-03	3.000e-01	3.000e-01	3.713e-02	4.134e-02	1.180e-03	3.710e-02
12	2.259e-02	5.935e-02	1.071e-01	1.129e-01	7.090e-02	-4.313e-02	-1.619e-02	-7.696e-03	3.585e-01	2.821e-01	3.804e-02	4.223e-02	1.150e-03	3.794e-02
13	2.683e-02	3.736e-02	1.063e-01	1.036e-01	5.226e-02	-2.420e-02	-5.073e-02	-1.003e-02	6.916e-01	9.213e-02	3.077e-02	3.078e-02	1.110e-03	3.078e-02
13	2.393e-02	5.967e-02	1.050e-01	1.068e-01	3.970e-02	-3.304e-02	-3.364e-02	-5.774e-03	3.784e-01	8.112e-02	3.082e-02	3.087e-02	1.086e-03	3.082e-02
13	2.241e-02	5.734e-02	1.083e-01	1.102e-01	5.003e-02	-2.483e-02	-9.699e-03	-8.928e-03	5.571e-01	1.886e-01	3.699e-02	3.901e-02	1.045e-03	3.613e-02
13	2.510e-02	5.129e-02	1.000e-01	1.117e-01	4.307e-02	-1.876e-02	-2.265e-02	-9.360e-03	5.634e-01	1.868e-01	3.666e-02	3.866e-02	1.033e-03	3.330e-02
13	2.769e-02	6.012e-02	1.114e-01	1.106e-01	6.486e-02	-3.744e-02	-7.337e-03	-7.907e-03	5.251e-01	2.158e-01	3.926e-02	4.178e-02	1.114e-03	3.924e-02
13	2.192e-02	5.848e-02	1.016e-01	1.054e-01	5.191e-02	-5.188e-02	-1.228e-02	-4.465e-03	3.674e-01	2.516e-01	3.776e-02	4.095e-02	1.072e-03	3.776e-02
13	2.654e-02	5.658e-02	1.074e-01	1.155e-01	6.197e-02	-2.394e-02	-3.159e-02	-6.856e-03	6.498e-01	2.792e-01	4.013e-02	4.338e-02	1.171e-03	4.014e-02
13	2.450e-02	6.275e-02	1.200e-01	1.081e-01	2.713e-02	-3.528e-02	-2.144e-02	-6.598e-03	4.894e-01	3.000e-01	3.740e-02	4.160e-02	1.132e-03	3.742e-02
14	2.612e-02	5.870e-02	1.083e-01	1.078e-01	6.883e-02	-3.384e-02	-9.058e-03	-7.627e-03	6.665e-01	1.664e-01	3.732e-02	3.880e-02	1.092e-03	3.731e-02
14	2.663e-02	5.400e-02	1.091e-01	1.069e-01	4.095e-02	-2.279e-02	-2.585e-02	-8.363e-03	5.003e-01	1.791e-01	3.567e-02	3.765e-02	1.067e-03	3.569e-02
14	2.715e-02	5.432e-02	1.090e-01	1.183e-01	6.385e-02	-3.973e-02	-2.489e-02	-6.554e-03	5.295e-01	2.135e-01	3.675e-02	3.948e-02	1.169e-03	3.677e-02
14	3.210e-02	5.489e-02	1.106e-01	1.128e-01	5.760e-02	-4.101e-02	-1.400e-02	-1.084e-02	3.603e-01	2.734e-01	3.613e-02	3.999e-02	1.140e-03	3.611e-02
14	2.719e-02	5.739e-02	1.116e-01	1.134e-01	2.988e-02	-4.756e-02	-2.622e-02	-8.022e-03	5.405e-01	3.000e-01	3.740e-02	4.147e-02	1.165e-03	3.733e-02
14	2.214e-02	5.583e-02	1.036e-01	1.115e-01	7.552e-02	-4.261e-02	-2.695e-02	-2.240e-02	6.528e-01	3.000e-01	4.011e-02	4.346e-02	1.243e-03	4.013e-02
14	2.679e-02	5.708e-02	1.045e-01	1.169e-01	4.760e-02	-1.991e-02	-2.987e-02	-9.738e-03	4.965e-01	2.586e-01	3.848e-02	4.192e-02	1.122e-03	3.856e-02
14	2.651e-02	5.744e-02	1.096e-01	1.145e-01	4.752e-02	-2.749e-02	-1.757e-02	-5.019e-03	5.590e-01	3.000e-01	3.939e-02	4.373e-02	1.103e-03	3.940e-02
15	2.644e-02	5.557e-02	1.040e-01	1.130e-01	5.483e-02	-2.525e-02	-3.398e-02	-8.578e-03	5.171e-01	1.093e-01	3.280e-02	3.376e-02	1.115e-03	3.280e-02
15	2.143e-02	5.615e-02	1.130e-01	1.147e-01	6.572e-02	-3.225e-02	-1.202e-02	-1.042e-02	5.687e-01	3.000e-01	3.967e-02	4.359e-02	1.142e-03	3.961e-02
15	3.014e-02	5.728e-02	1.054e-01	1.171e-01	8.950e-02	-2.131e-02	-1.849e-02	-3.389e-03	5.470e-01	2.490e-01	3.960e-02	4.250e-02	1.141e-03	3.960e-02
15	2.456e-02	5.600e-02	1.063e-01	1.100e-01	6.087e-02	-2.924e-02	-2.903e-02	-8.748e-03	7.440e-01	3.000e-01	4.106e-02	4.421e-02	1.171e-03	4.108e-02
15	1.895e-02	5.563e-02	1.000e-01	1.129e-01	4.469e-02	-4.081e-02	-2.131e-02	-4.694e-03	6.329e-01	2.922e-01	4.068e-02	4.430e-02	1.097e-03	4.080e-02
15	3.081e-02	5.295e-02	9.620e-02	1.149e-01	5.748e-02	-3.104e-02	-3.406e-02	-7.655e-03	7.639e-01	3.000e-01	4.192e-02	4.493e-02	1.164e-03	4.192e-02
15	2.932e-02	5.730e-02	9.797e-02	1.098e-01	7.167e-02	-4.895e-02	-2.402e-02	-2.688e-02	4.950e-01	2.880e-01	3.724e-02	4.053e-02	1.232e-03	3.723e-02
15	2.301e-02	5.669e-02	1.121e-01	1.107e-01	6.505e-02	-4.527e-02	-4.271e-02	-2.091e-02	7.252e-01	2.507e-01	3.956e-02	4.219e-02	1.306e-03	3.482e-02
16	2.274e-02	5.727e-02	9.282e-02	1.131e-01	6.185e-02	-3.854e-02	-3.101e-02	-8.357e-03	6.755e-01	2.495e-01	3.987e-02	4.229e-02	1.144e-03	3.988e-02
16	2.404e-02	5.024e-02	1.117e-01	1.132e-01	5.957e-02	-2.354e-02	-1.961e-02	-6.707e-03	7.838e-01	3.000e-01	4.000e-02	4.327e-02	1.127e-03	4.001e-02
16	2.662e-02	5.526e-02	9.445e-02	1.125e-01	5.028e-02	-3.219e-02	-2.366e-02	-3.070e-03	6.143e-01	2.779e-01	4.315e-02	4.642e-02	1.075e-03	4.315e-02
16	2.968e-02	5.691e-02	9.939e-02	1.122e-01	5.079e-02	-3.799e-02	-2.543e-02	-8.562e-03	6.360e-01	2.954e-01	3.986e-02	4.314e-02	1.142e-03	3.990e-02
16	2.172e-02	5.807e-02	1.012e-01	1.136e-01	6.350e-02	-4.428e-02	-1.665e-02	-5.336e-03	7.113e-01	3.000e-01	4.025e-02	4.342e-02	1.145e-03	4.025e-02
16	3.338e-02	5.238e-02	1.084e-01	1.156e-01	4.990e-02	-2.234e-02	-1.845e-02	-7.848e-03	7.409e-01	2.547e-01	3.965e-02	4.238e-02	1.110e-03	3.966e-02
16	2.744e-02	5.399e-02	9.705e-02	1.090e-01	3.885e-02	-3.246e-02	-7.151e-03	-1.040e-02	7.340e-01	3.000e-01	4.080e-02	4.389e-02	1.039e-03	3.868e-02
16	2.166e-02	6.152e-02	9.086e-02	1.161e-01	4.590e-02	-3.134e-02	-2.322e-02	-4.649e-04	5.796e-01	3.000e-01	4.197e-02	4.573e-02	1.062e-03	4.192e-02
17	2.504e-02	6.043e-02	8.247e-02	1.140e-01	4.010e-02	-4.119e-02	-1.121e-02	-1.739e-04	5.471e-01	2.946e-01	4.205e-02	4.569e-02	1.001e-03	3.234e-02
17	3.135e-02	5.551e-02	5.752e-02	1.095e-01	6.746e-02	-3.803e-02	-9.910e-03	-2.405e-03	6.424e-01	2.704e-01	4.245e-02	4.488e-02	9.472e-04	2.198e-02
17	1.897e-02	6.070e-02	9.156e-02	1.148e-01	4.294e-02	-3.129e-02	-1.867e-02	-1.930e-03	7.221e-01	2.970e-01	4.199e-02	4.512e-02	1.054e-03	4.199e-02
17	2.836e-02	5.339e-02	5.525e-02	1.162e-01	4.756e-02	-3.738e-02	-2.815e-02	0.000e+00	5.594e-01	3.000e-01	4.076e-02	4.421e-02	9.674e-04	2.433e-02
17	2.394e-02	5.593e-02	1.058e-01	1.123e-01	5.145e-02	-3.981e-02	-1.460e-02	-9.590e-04	7.290e-01	2.655e-01	4.070e-02	4.362e-02	1.095e-03	4.073e-02
17	2.883e-02	5.611e-02	7.484e-02	1.123e-01	6.093e-02	-2.893e-02	-3.228e-02	-4.431e-03	5.354e-01	3.000e-01	4.200e-02	4.542e-02	1.058e-03	4.197e-02
17	2.563e-02	5.720e-02	6.286e-02	1.164e-01	3.548e-02	-3.089e-02	-2.820e-02	-5.782e-03	7.601e-01	3.000e-01	4.303e-02	4.573e-02	1.004e-03	3.390e-02
17	2.844e-02	5.964e-02	9.619e-02	1.133e-01	3.386e-02	-1.739e-02	-2.670e-02	-4.629e-03	6.369e-01	3.000e-01	4.001e-02	4.367e-02	1.060e-03	4.007e-02
18	1.959e-02	5.821e-02	7.275e-02	1.128e-01	4.380e-02	-2.296e-02	-2.910e-02	0.000e+00	6.831e-01	2.594e-01	4.207e-02	4.449e-02	9.818e-04	2.854e-02
18	2.078e-02	5.289e-02	1.002e-01	1.133e-01	6.466e-02	-1.662e-02	-4.622e-02	-9.406e-03	7.500e-01	2.672e-01	4.148e-02	4.421e-02	1.175e-03	4.145e-02
18	2.527e-02	6.162e-02	5.625e-02	1.129e-01	3.914e-02	-3.139e-02	-2.621e-02	-2.422e-02	5.436e-01	2.571e-01	3.874e-02	4.149e-02	1.018e-03	3.247e-02
18	2.110e-02	5.892e-02	5.849e-02	1.138e-01	4.927e-02	-3.203e-02	-2.558e-02	-5.619e-03	7.286e-01	3.000e-01	4.384e-02	4.660e-02	9.910e-04	3.215e-02
18	2.531e-02	5.976e-02	9.210e-02	1.138e-01	5.706e-02	-4.652e-02	-2.440e-02	-6.228e-03	6.978e-01	2.862e-01	4.051e-02	4.334e-02	1.145e-03	4.048e-02
18	2.374e-02	5.662e-02	1.056e-01	1.159e-01	4.997e-02	-1.416e-02	-2.105e-02	-8.369e-03	6.389e-01	2.845e-01	4.105e-02	4.450e-02	1.089e-03	4.106e-02
18	1.991e-02	6.186e-02	1.065e-01	1.115e-01	3.652e-02	-2.420e-02	-1.710e-02	-4.745e-03	5.730e-01	3.000e-01	4.016e-02	4.396e-02	1.061e-03	4.021e-02
18	1.844e-02	5.934e-02	1.049e-01	1.079e-01	3.921e-02	-2.591e-02	-2.747e-02	-6.366e-03	5.729e-01	3.000e-01	4.072e-02	4.435e-02	1.088e-03	4.072e-02
19	2.194e-02	5.812e-02	6.904e-02	1.118e-01	4.098e-02	-2.911e-02	-1.134e-02	-3.780e-03	6.476e-01	2.888e-01	4.227e-02	4.513e-02	9.358e-04	1.955e-02
19	2.020e-02	5.465e-02	9.634e-02	1.109e-01	4.070e-02	-2.096e-02	-3.051e-02	-1.003e-02	6.490e-01	2.851e-01	4.102e-02	4.419e-02	1.076e-03	4.103e-02
19	2.059e-02	5.906e-02	1.091e-01	1.127e-01	4.897e-02	-2.077e-02	-2.982e-02	-5.353e-03	7.304e-01	2.969e-01	4.195e-02	4.533e-02	1.140e-03	4.194e-02
19	2.480e-02	5.854e-02	1.005e-01	1.139e-01	4.561e-02	-2.791e-02	-3.434e-02	-1.088e-02	6.753e-01	3.000e-01	4.029e-02	4.364e-02	1.160e-03	4.032e-02
19	2.780e-02	5.571e-02	1.096e-01	1.125e-01	5.585e-02	-2.064e-02	-2.839e-02	-7.022e-03	7.205e-01	2.887e-01	4.017e-02	4.335e-02	1.150e-03	4.017e-02
19	2.130e-02	6.284e-02	1.028e-01	1.103e-01	4.858e-02	-2.646e-02	-1.922e-02	-3.059e-03	4.658e-01	2.835e-01	3.964e-02	4.341e-02	1.066e-03	3.968e-02
19	2.539e-02	5.857e-02	1.052e-01	1.140e-01	4.454e-02	-3.462e-02	-3.454e-02	-3.298e-03	7.294e-01	2.933e-01	4.105e-02	4.430e-02	1.167e-03	4.104e-02
19	2.162e-02	6.068e-02	1.093e-01	1.108e-01	5.677e-02	-3.983e-02	-2.119e-02	-8.446e-03	4.965e-01	2.859e-01	3.931e-02	4.302e-02	1.153e-03	3.935e-02
20	1.909e-02	5.927e-02	9.951e-02	1.126e-01	4.148e-02	-3.181e-02	-4.088e-02	-6.953e-03	6.091e-01	2.752e-01	3.953e-02	4.270e-02	1.148e-03	3.953e-02
20	2.519e-02	5.896e-02	7.035e-02	1.169e-01	3.105e-02	-3.559e-02	-2.562e-02	-7.187e-03	7.283e-01	3.000e-01	4.168e-02	4.461e-02	1.028e-03	3.744e-02
20	2.068e-02	5.905e-02	1.072e-01	1.094e-01	5.315e-02	-3.753e-02	-2.196e-02	-7.333e-03	4.988e-01	3.000e-01	3.967e-02	4.346e-02	1.128e-03	3.963e-02
20	2.852e-02	5.165e-02	1.049e-01	1.177e-01	4.531e-02	-3.196e-02	-2.934e-02	-3.867e-03	5.214e-01	2.830e-01	3.861e-02	4.245e-02	1.121e-03	3.865e-02
20	2.534e-02	5.622e-02	1.092e-01	1.125e-01	5.099e-02	-2.476e-02	-3.033e-02	-6.800e-03	7.435e-01	3.000e-01	4.227e-02	4.557e-02	1.160e-03	4.229e-02
20	1.844e-02	6.043e-02	1.111e-01	1.113e-01	4.793e-02	-4.326e-02	-3.132e-02	-3.581e-03	7.411e-01	2.805e-01	3.898e-02	4.199e-02	1.186e-03	3.897e-02
20	2.387e-02	6.162e-02	1.084e-01	1.095e-01	4.522e-02	-1.511e-02	-2.713e-02	-1.669e-02	6.031e-01	2.808e-01	3.940e-02	4.273e-02	1.135e-03	3.937e-02
20	3.021e-02	5.854e-02	1.010e-01	1.102e-01	4.531e-02	-2.552e-02	-1.352e-02	-7.088e-03	6.671e-01	3.000e-01	4.198e-02	4.554e-02	1.069e-03	4.203e-02
21	2.933e-02	5.608e-02	1.020e-01	1.064e-01	5.243e-02	-3.808e-02	-1.996e-02	-8.573e-03	7.499e-01	2.720e-01	3.977e-02	4.247e-02	1.122e-03	3.976e-02
21	2.713e-02	5.353e-02	1.046e-01	1.105e-01	5.887e-02	-2.972e-02	-4.133e-02	-9.411e-03	6.533e-01	2.949e-01	3.969e-02	4.292e-02	1.195e-03	3.970e-02
21	2.269e-02	5.789e-02	9.611e-02	1.136e-01	5.026e-02	-2.319e-02	-2.321e-02	-6.282e-03	7.239e-01	2.998e-01	4.270e-02	4.592e-02	1.087e-03	4.273e-02
21	3.599e-02	5.330e-02	1.018e-01	1.118e-01	5.700e-02	-3.139e-02	-2.233e-02	-6.050e-03	7.541e-01	2.962e-01	4.145e-02	4.449e-02	1.136e-03	4.146e-02
21	2.326e-02	5.604e-02	8.525e-02	1.101e-01	5.511e-02	-2.660e-02	-1.800e-02	-5.648e-03	7.297e-01	3.000e-01	4.472e-02	4.762e-02	1.034e-03	4.167e-02
21	3.346e-02	5.709e-02	1.157e-01	1.148e-01	5.277e-02	-3.535e-02	-2.371e-02	-6.170e-03	7.480e-01	3.000e-01	3.950e-02	4.306e-02	1.202e-03	3.949e-02
21	2.556e-02	5.656e-02	1.034e-01	1.127e-01	5.641e-02	-2.842e-02	-2.428e-02	-7.964e-03	7.133e-01	2.967e-01	4.173e-02	4.497e-02	1.137e-03	4.175e-02
21	2.260e-02	6.259e-02	1.194e-01	1.114e-01	3.106e-02	-7.616e-03	-1.348e-02	-8.983e-03	6.904e-01	2.737e-01	3.924e-02	4.258e-02	1.070e-03	3.923e-02
22	1.964e-02	5.741e-02	7.776e-02	1.103e-01	4.547e-02	-2.143e-02	-2.066e-02	-5.516e-03	7.458e-01	2.926e-01	4.391e-02	4.654e-02	9.909e-04	3.218e-02
22	2.565e-02	5.686e-02	1.044e-01	1.150e-01	4.701e-02	-3.930e-02	-1.245e-02	-8.075e-03	7.300e-01	3.000e-01	4.073e-02	4.398e-02	1.120e-03	4.074e-02
22	1.855e-02	5.926e-02	9.807e-02	1.116e-01	5.050e-02	-2.857e-02	-2.486e-02	-3.887e-03	7.398e-01	3.000e-01	4.332e-02	4.643e-02	1.097e-03	4.333e-02
22	3.145e-02	5.678e-02	1.087e-01	1.155e-01	5.500e-02	-2.608e-02	-1.676e-02	-6.201e-03	7.289e-01	2.999e-01	4.070e-02	4.420e-02	1.134e-03	4.071e-02
22	3.214e-02	5.636e-02	1.020e-01	1.105e-01	5.256e-02	-2.914e-02	-1.901e-02	-7.780e-03	7.199e-01	2.931e-01	4.096e-02	4.404e-02	1.115e-03	4.097e-02
22	2.271e-02	5.601e-02	9.393e-02	1.135e-01	5.273e-02	-2.704e-02	-2.341e-02	-4.896e-03	5.596e-01	3.000e-01	4.116e-02	4.482e-02	1.068e-03	4.118e-02
22	2.519e-02	5.577e-02	9.025e-02	1.144e-01	5.893e-02	-1.838e-02	-1.188e-02	-8.572e-03	7.635e-01	2.893e-01	4.344e-02	4.628e-02	1.040e-03	4.165e-02
22	2.161e-02	5.651e-02	1.049e-01	1.092e-01	5.340e-02	-2.524e-02	-2.882e-02	-8.299e-03	7.456e-01	3.000e-01	4.115e-02	4.463e-02	1.136e-03	4.115e-02
23	3.535e-02	5.500e-02	1.025e-01	1.135e-01	6.306e-02	-2.871e-02	-2.142e-02	-4.975e-03	7.308e-01	3.000e-01	4.161e-02	4.477e-02	1.142e-03	4.162e-02
23	2.284e-02	5.634e-02	8.655e-02	1.120e-01	5.428e-02	-2.560e-02	-3.291e-02	-3.344e-03	7.560e-01	2.947e-01	4.229e-02	4.516e-02	1.086e-03	4.234e-02
23	2.164e-02	5.736e-02	9.966e-02	1.129e-01	5.496e-02	-2.994e-02	-2.389e-02	-4.120e-03	7.310e-01	2.958e-01	4.144e-02	4.452e-02	1.112e-03	4.146e-02
23	2.051e-02	5.777e-02	7.703e-02	1.094e-01	4.917e-02	-2.719e-02	-2.388e-02	-3.238e-03	7.584e-01	2.995e-01	4.469e-02	4.737e-02	1.016e-03	3.802e-02
23	1.883e-02	5.788e-02	9.987e-02	1.120e-01	5.119e-02	-2.706e-02	-1.005e-02	-5.529e-03	7.268e-01	3.000e-01	4.288e-02	4.610e-02	1.051e-03	4.284e-02
23	2.856e-02	5.486e-02	9.241e-02	1.128e-01	5.365e-02	-2.651e-02	-2.899e-02	-1.055e-02	7.276e-01	2.892e-01	4.223e-02	4.563e-02	1.118e-03	4.203e-02
23	2.508e-02	5.483e-02	8.223e-02	1.137e-01	5.081e-02	-3.611e-02	-2.429e-02	-5.867e-03	6.577e-01	2.934e-01	4.119e-02	4.421e-02	1.062e-03	4.121e-02
23	2.198e-02	5.486e-02	9.640e-02	1.132e-01	6.307e-02	-1.517e-02	-2.054e-02	-7.345e-03	7.443e-01	2.988e-01	4.318e-02	4.647e-02	1.076e-03	4.333e-02
24	1.452e-02	6.001e-02	1.076e-01	1.108e-01	4.779e-02	-3.627e-02	-1.965e-02	-4.029e-03	7.563e-01	2.980e-01	4.063e-02	4.380e-02	1.119e-03	4.062e-02
24	2.863e-02	5.467e-02	9.760e-02	1.110e-01	6.198e-02	-3.499e-02	-3.058e-02	-6.581e-03	7.498e-01	2.913e-01	4.106e-02	4.389e-02	1.157e-03	4.105e-02
24	2.938e-02	5.761e-02	9.150e-02	1.124e-01	4.764e-02	-2.517e-02	-3.901e-02	-6.716e-03	7.629e-01	2.796e-01	4.060e-02	4.317e-02	1.133e-03	4.060e-02
24	2.469e-02	5.420e-02	9.756e-02	1.117e-01	5.746e-02	-7.684e-03	-2.576e-02	-4.539e-03	7.503e-01	3.000e-01	4.310e-02	4.629e-02	1.061e-03	4.319e-02
24	2.130e-02	5.875e-02	1.007e-01	1.121e-01	6.350e-02	-2.982e-02	-1.336e-02	-5.843e-03	6.581e-01	2.988e-01	4.219e-02	4.551e-02	1.090e-03	4.220e-02
24	1.530e-02	5.897e-02	9.874e-02	1.122e-01	5.548e-02	-2.176e-02	-1.924e-02	-1.688e-03	7.463e-01	3.000e-01	4.569e-02	4.893e-02	1.061e-03	4.571e-02
24	2.110e-02	5.482e-02	9.925e-02	1.116e-01	6.608e-02	-2.370e-02	-5.450e-03	-6.375e-03	7.457e-01	3.000e-01	4.317e-02	4.623e-02	1.048e-03	4.289e-02
24	2.078e-02	5.645e-02	6.901e-02	1.116e-01	5.798e-02	-2.708e-02	-1.691e-02	-7.214e-03	7.447e-01	2.927e-01	4.426e-02	4.679e-02	9.918e-04	3.273e-02
25	2.024e-02	5.566e-02	1.068e-01	1.119e-01	4.873e-02	-1.432e-02	-8.930e-03	-4.224e-03	7.366e-01	2.987e-01	4.358e-02	4.701e-02	1.030e-03	3.970e-02
25	2.290e-02	5.845e-02	9.753e-02	1.113e-01	5.896e-02	-1.432e-02	-1.658e-02	-5.990e-03	7.315e-01	2.944e-01	4.329e-02	4.631e-02	1.058e-03	4.329e-02
25	2.226e-02	5.323e-02	1.042e-01	1.094e-01	5.830e-02	-1.339e-02	-1.654e-02	-1.895e-03	7.719e-01	3.000e-01	4.323e-02	4.654e-02	1.046e-03	4.262e-02
25	2.213e-02	5.807e-02	1.018e-01	1.109e-01	5.234e-02	-1.237e-02	-2.095e-02	-4.581e-03	7.336e-01	2.929e-01	4.224e-02	4.531e-02	1.063e-03	4.225e-02
25	2.465e-02	5.418e-02	1.004e-01	1.116e-01	5.766e-02	-7.803e-03	-1.800e-02	-8.614e-03	7.370e-01	2.984e-01	4.388e-02	4.705e-02	1.056e-03	4.390e-02
25	1.540e-02	6.054e-02	1.019e-01	1.124e-01	6.058e-02	-2.020e-02	-4.926e-03	-3.137e-03	6.016e-01	2.921e-01	4.343e-02	4.698e-02	1.021e-03	3.771e-02
25	2.339e-02	5.812e-02	9.815e-02	1.120e-01	5.383e-02	-1.743e-02	-1.681e-02	-1.816e-03	7.325e-01	2.930e-01	4.324e-02	4.631e-02	1.045e-03	4.228e-02
25	2.624e-02	5.452e-02	1.032e-01	1.104e-01	5.294e-02	-1.025e-02	-1.195e-02	-9.561e-03	7.553e-01	3.000e-01	4.236e-02	4.552e-02	1.049e-03	4.223e-02
26	2.821e-02	5.309e-02	1.038e-01	1.140e-01	6.607e-02	-1.016e-02	-2.205e-02	-9.559e-03	7.288e-01	2.957e-01	4.207e-02	4.528e-02	1.108e-03	4.208e-02
26	2.155e-02	5.636e-02	9.975e-02	1.092e-01	5.861e-02	-1.443e-02	-2.217e-02	-2.023e-03	7.413e-01	2.960e-01	4.419e-02	4.744e-02	1.057e-03	4.412e-02
26	2.618e-02	5.270e-02	9.123e-02	1.113e-01	6.360e-02	-2.867e-02	-6.843e-03	-5.123e-03	7.266e-01	3.000e-01	4.406e-02	4.749e-02	1.030e-03	4.017e-02
26	2.015e-02	6.022e-02	1.025e-01	1.115e-01	5.868e-02	-2.499e-03	-9.166e-03	-1.777e-03	7.283e-01	2.917e-01	4.411e-02	4.736e-02	1.005e-03	3.512e-02
26	1.892e-02	5.616e-02	9.920e-02	1.097e-01	5.909e-02	-1.543e-02	-2.149e-02	-9.733e-03	7.461e-01	2.992e-01	4.388e-02	4.700e-02	1.080e-03	4.388e-02
26	1.811e-02	5.390e-02	1.008e-01	1.116e-01	4.998e-02	-2.749e-03	-2.932e-02	-8.965e-03	7.341e-01	2.976e-01	4.333e-02	4.678e-02	1.064e-03	4.333e-02
26	4.618e-02	5.392e-02	1.050e-01	1.109e-01	5.637e-02	-2.792e-02	-1.074e-02	-6.613e-03	7.511e-01	2.998e-01	3.973e-02	4.280e-02	1.114e-03	3.971e-02
26	1.584e-02	5.800e-02	9.233e-02	1.109e-01	5.211e-02	-1.553e-02	-2.458e-02	-3.035e-03	7.665e-01	2.940e-01	4.430e-02	4.717e-02	1.041e-03	4.262e-02
27	2.145e-02	5.413e-02	1.015e-01	1.105e-01	5.427e-02	0.000e+00	-2.807e-02	-6.532e-03	7.333e-01	2.936e-01	4.263e-02	4.571e-02	1.055e-03	4.265e-02
27	2.476e-02	5.502e-02	9.301e-02	1.105e-01	5.662e-02	-1.874e-02	-2.754e-02	-1.052e-02	7.429e-01	2.992e-01	4.282e-02	4.574e-02	1.096e-03	4.279e-02
27	2.266e-02	5.321e-02	9.984e-02	1.133e-01	5.886e-02	-7.007e-03	-2.345e-02	-8.451e-03	7.374e-01	2.983e-01	4.433e-02	4.776e-02	1.072e-03	4.450e-02
27	1.569e-02	5.590e-02	1.058e-01	1.105e-01	5.696e-02	-9.043e-03	-2.662e-02	-7.458e-03	7.593e-01	2.995e-01	4.388e-02	4.711e-02	1.094e-03	4.388e-02
27	1.392e-02	5.550e-02	9.800e-02	1.118e-01	5.945e-02	-8.332e-03	-1.593e-02	-3.581e-03	7.482e-01	2.947e-01	4.517e-02	4.830e-02	1.017e-03	3.875e-02
27	2.395e-02	5.456e-02	9.824e-02	1.127e-01	6.011e-02	-2.854e-02	-1.303e-02	-5.086e-03	7.341e-01	2.961e-01	4.234e-02	4.546e-02	1.074e-03	4.242e-02
27	1.897e-02	5.679e-02	9.826e-02	1.102e-01	5.995e-02	-1.196e-02	-3.224e-02	-8.975e-03	7.311e-01	2.945e-01	4.293e-02	4.591e-02	1.108e-03	4.293e-02
27	2.037e-02	5.290e-02	9.861e-02	1.088e-01	5.742e-02	-1.593e-02	-2.100e-02	-5.068e-03	7.632e-01	2.988e-01	4.376e-02	4.709e-02	1.053e-03	4.377e-02
28	2.110e-02	5.320e-02	9.815e-02	1.122e-01	6.179e-02	-7.907e-03	-3.395e-02	-9.060e-03	7.301e-01	2.974e-01	4.239e-02	4.545e-02	1.105e-03	4.244e-02
28	2.212e-02	5.371e-02	7.241e-02	1.083e-01	5.569e-02	-4.866e-03	-2.219e-02	-5.423e-03	7.465e-01	2.979e-01	4.663e-02	4.931e-02	9.470e-04	2.614e-02
28	2.155e-02	5.345e-02	1.044e-01	1.093e-01	5.728e-02	-1.753e-02	-3.186e-02	-9.120e-03	7.416e-01	2.996e-01	4.221e-02	4.538e-02	1.127e-03	4.221e-02
28	2.210e-02	5.409e-02	1.053e-01	1.155e-01	5.814e-02	-1.342e-02	-2.595e-02	-1.041e-02	7.661e-01	2.985e-01	4.356e-02	4.687e-02	1.128e-03	4.355e-02
28	2.215e-02	5.184e-02	9.510e-02	1.126e-01	5.837e-02	-2.639e-03	-2.953e-02	-6.204e-03	7.694e-01	3.000e-01	4.399e-02	4.718e-02	1.057e-03	4.399e-02
28	2.235e-02	5.451e-02	1.008e-01	1.113e-01	6.069e-02	-7.711e-03	-2.331e-02	-4.571e-03	7.437e-01	2.972e-01	4.394e-02	4.728e-02	1.066e-03	4.396e-02
28	1.750e-02	5.455e-02	1.015e-01	1.091e-01	6.020e-02	-2.990e-03	-2.421e-02	-4.019e-03	7.718e-01	2.996e-01	4.431e-02	4.736e-02	1.046e-03	4.367e-02
28	2.577e-02	4.994e-02	1.004e-01	1.115e-01	5.762e-02	0.000e+00	-2.740e-02	-8.626e-03	7.463e-01	2.949e-01	4.283e-02	4.593e-02	1.061e-03	4.285e-02
29	2.535e-02	5.151e-02	1.022e-01	1.121e-01	6.290e-02	-1.144e-02	-2.982e-02	-5.828e-03	7.604e-01	2.983e-01	4.330e-02	4.639e-02	1.107e-03	4.329e-02
29	2.191e-02	5.685e-02	9.874e-02	1.077e-01	5.234e-02	-1.047e-02	-3.293e-02	-6.683e-03	7.386e-01	2.975e-01	4.337e-02	4.643e-02	1.086e-03	4.335e-02
29	2.482e-02	5.560e-02	1.035e-01	1.103e-01	6.173e-02	-1.302e-02	-3.093e-02	-3.595e-03	7.400e-01	2.967e-01	4.374e-02	4.691e-02	1.113e-03	4.375e-02
29	2.670e-02	4.989e-02	9.818e-02	1.131e-01	5.841e-02	-4.705e-03	-2.800e-02	-6.197e-03	7.710e-01	2.997e-01	4.324e-02	4.629e-02	1.069e-03	4.324e-02
29	2.194e-02	5.168e-02	1.030e-01	1.113e-01	5.190e-02	-7.133e-03	-2.873e-02	-9.387e-03	7.677e-01	2.961e-01	4.213e-02	4.539e-02	1.086e-03	4.213e-02
29	1.660e-02	5.056e-02	9.844e-02	1.100e-01	5.673e-02	-3.422e-03	-2.880e-02	-8.003e-03	7.712e-01	2.980e-01	4.361e-02	4.663e-02	1.052e-03	4.358e-02
29	1.745e-02	5.293e-02	9.924e-02	1.136e-01	6.239e-02	0.000e+00	-3.175e-02	-7.876e-03	7.476e-01	2.966e-01	4.598e-02	4.922e-02	1.078e-03	4.598e-02
29	2.707e-02	5.396e-02	1.051e-01	1.112e-01	5.884e-02	0.000e+00	-2.949e-02	-1.499e-02	7.429e-01	3.000e-01	4.231e-02	4.552e-02	1.120e-03	4.232e-02
30	2.069e-02	5.565e-02	9.211e-02	1.163e-01	5.777e-02	-6.644e-03	-3.136e-02	-4.031e-03	7.536e-01	2.998e-01	4.357e-02	4.671e-02	1.071e-03	4.365e-02
30	1.638e-02	5.677e-02	1.005e-01	1.119e-01	5.589e-02	-1.320e-03	-2.506e-02	-8.434e-03	7.489e-01	2.950e-01	4.299e-02	4.604e-02	1.059e-03	4.300e-02
30	1.433e-02	5.402e-02	9.753e-02	1.135e-01	6.228e-02	-8.951e-03	-2.008e-02	-6.196e-03	7.294e-01	2.973e-01	4.425e-02	4.741e-02	1.043e-03	4.307e-02
30	1.744e-02	5.499e-02	9.850e-02	1.137e-01	5.849e-02	-7.679e-04	-3.652e-02	-6.883e-03	7.472e-01	2.953e-01	4.358e-02	4.678e-02	1.089e-03	4.355e-02
30	2.017e-02	5.161e-02	9.839e-02	1.145e-01	7.207e-02	-4.666e-03	-3.203e-02	-7.081e-03	7.604e-01	2.967e-01	4.385e-02	4.693e-02	1.104e-03	4.386e-02
30	1.209e-02	5.271e-02	1.030e-01	1.132e-01	6.518e-02	-1.961e-02	-2.426e-02	-4.642e-03	7.363e-01	2.991e-01	4.419e-02	4.741e-02	1.093e-03	4.419e-02
30	2.060e-02	4.398e-02	9.612e-02	1.086e-01	5.920e-02	-8.674e-03	-3.703e-02	-1.210e-02	7.892e-01	2.965e-01	4.283e-02	4.571e-02	1.089e-03	4.283e-02
30	1.459e-02	5.476e-02	1.004e-01	1.171e-01	6.251e-02	-7.230e-03	-3.550e-02	-3.615e-03	7.601e-01	3.000e-01	4.410e-02	4.731e-02	1.110e-03	4.412e-02
31	2.260e-02	5.069e-02	1.011e-01	1.136e-01	7.043e-02	-2.632e-02	-2.097e-02	-7.625e-03	7.496e-01	2.970e-01	4.331e-02	4.654e-02	1.121e-03	4.325e-02
31	8.859e-03	5.640e-02	1.005e-01	1.174e-01	6.424e-02	-3.046e-03	-2.725e-02	-5.606e-03	7.602e-01	3.000e-01	4.434e-02	4.783e-02	1.078e-03	4.430e-02
31	1.401e-02	5.562e-02	9.936e-02	1.128e-01	7.215e-02	-1.978e-02	-3.081e-02	-3.445e-03	7.288e-01	3.000e-01	4.532e-02	4.870e-02	1.119e-03	4.538e-02
31	1.815e-02	5.385e-02	9.856e-02	1.156e-01	6.818e-02	-2.435e-02	-2.411e-02	-5.809e-03	7.351e-01	3.000e-01	4.258e-02	4.571e-02	1.117e-03	4.257e-02
31	9.578e-03	5.266e-02	1.044e-01	1.124e-01	7.014e-02	-8.452e-03	-2.744e-02	-9.623e-03	7.638e-01	2.998e-01	4.439e-02	4.764e-02	1.104e-03	4.441e-02
31	5.218e-03	5.284e-02	1.026e-01	1.145e-01	6.192e-02	-2.091e-02	-2.839e-02	-4.475e-03	7.601e-01	3.000e-01	4.301e-02	4.619e-02	1.099e-03	4.301e-02
31	2.005e-02	4.782e-02	9.810e-02	1.140e-01	7.423e-02	-2.420e-05	-3.172e-02	-7.133e-03	7.457e-01	3.000e-01	4.452e-02	4.762e-02	1.083e-03	4.452e-02
31	1.545e-02	5.502e-02	1.017e-01	1.134e-01	6.172e-02	-1.084e-02	-4.070e-02	-7.736e-03	7.288e-01	2.970e-01	4.286e-02	4.604e-02	1.140e-03	4.286e-02
32	1.625e-02	5.208e-02	1.079e-01	1.130e-01	6.678e-02	-1.008e-02	-2.559e-02	-9.835e-03	7.301e-01	3.000e-01	4.370e-02	4.710e-02	1.115e-03	4.372e-02
32	1.890e-02	5.563e-02	9.846e-02	1.144e-01	7.258e-02	-2.897e-02	-2.343e-02	-3.360e-03	7.476e-01	2.983e-01	4.367e-02	4.681e-02	1.124e-03	4.370e-02
32	1.416e-02	4.940e-02	1.036e-01	1.165e-01	7.770e-02	-1.004e-03	-3.664e-02	-1.454e-02	7.438e-01	3.000e-01	4.337e-02	4.659e-02	1.154e-03	4.338e-02
32	1.254e-02	5.789e-02	9.854e-02	1.177e-01	8.072e-02	-1.578e-02	-2.426e-02	-6.693e-03	7.324e-01	3.000e-01	4.373e-02	4.699e-02	1.125e-03	4.375e-02
32	1.556e-02	5.055e-02	1.027e-01	1.109e-01	7.454e-02	-6.690e-03	-2.601e-02	-3.599e-03	7.418e-01	2.994e-01	4.445e-02	4.787e-02	1.075e-03	4.453e-02
32	1.808e-02	5.383e-02	1.023e-01	1.157e-01	7.533e-02	-2.283e-02	-2.671e-02	-7.772e-03	7.455e-01	3.000e-01	4.348e-02	4.668e-02	1.151e-03	4.347e-02
32	1.663e-02	5.759e-02	1.027e-01	1.122e-01	5.366e-02	-3.511e-03	-2.928e-02	-8.792e-03	7.409e-01	3.000e-01	4.280e-02	4.598e-02	1.086e-03	4.280e-02
32	1.892e-02	5.164e-02	9.995e-02	1.136e-01	8.406e-02	-1.095e-02	-2.046e-02	-6.915e-03	7.456e-01	2.997e-01	4.389e-02	4.699e-02	1.096e-03	4.391e-02
33	1.847e-02	5.271e-02	1.021e-01	1.103e-01	8.033e-02	-7.522e-03	-1.864e-02	-5.123e-04	7.362e-01	2.972e-01	4.585e-02	4.897e-02	1.055e-03	4.585e-02
33	2.103e-02	4.992e-02	1.028e-01	1.118e-01	7.826e-02	-6.326e-03	-2.394e-02	-6.014e-03	7.512e-01	2.992e-01	4.441e-02	4.752e-02	1.090e-03	4.442e-02
33	1.704e-02	5.324e-02	1.013e-01	1.132e-01	8.767e-02	-1.502e-02	-2.118e-02	-4.984e-03	7.375e-01	2.993e-01	4.451e-02	4.761e-02	1.112e-03	4.451e-02
33	1.467e-02	5.304e-02	8.666e-02	1.108e-01	8.320e-02	-1.223e-02	-1.694e-02	-5.940e-04	7.497e-01	2.998e-01	4.764e-02	5.051e-02	1.013e-03	4.043e-02
33	2.567e-02	5.389e-02	9.142e-02	1.102e-01	7.366e-02	-9.204e-03	-2.912e-02	-1.427e-03	7.593e-01	2.996e-01	4.436e-02	4.719e-02	1.071e-03	4.433e-02
33	1.064e-02	4.983e-02	1.035e-01	1.128e-01	8.259e-02	-1.549e-02	-2.175e-02	-3.440e-03	7.541e-01	2.996e-01	4.416e-02	4.724e-02	1.092e-03	4.416e-02
33	1.908e-02	5.187e-02	1.023e-01	1.121e-01	6.552e-02	-2.263e-03	-3.108e-02	-6.543e-03	7.098e-01	2.965e-01	4.315e-02	4.638e-02	1.086e-03	4.314e-02
33	1.049e-02	5.555e-02	1.089e-01	1.113e-01	6.048e-02	-1.748e-02	-3.237e-02	-3.885e-03	7.483e-01	3.000e-01	4.287e-02	4.622e-02	1.127e-03	4.288e-02
34	1.431e-02	5.504e-02	1.016e-01	1.157e-01	6.923e-02	-7.358e-03	-2.560e-02	-5.340e-04	7.388e-01	2.983e-01	4.508e-02	4.833e-02	1.074e-03	4.507e-02
34	1.697e-02	5.355e-02	9.887e-02	1.150e-01	8.089e-02	-3.691e-03	-2.847e-02	-4.345e-04	7.499e-01	3.000e-01	4.548e-02	4.873e-02	1.084e-03	4.540e-02
34	1.466e-02	5.226e-02	1.060e-01	1.089e-01	8.148e-02	-9.695e-03	-2.207e-02	-4.895e-03	7.335e-01	2.998e-01	4.461e-02	4.776e-02	1.090e-03	4.461e-02
34	1.965e-02	5.353e-02	1.063e-01	1.091e-01	8.411e-02	-4.781e-03	-1.217e-02	-6.061e-03	7.430e-01	2.977e-01	4.507e-02	4.820e-02	1.067e-03	4.506e-02
34	1.272e-02	5.022e-02	1.027e-01	1.086e-01	9.204e-02	-4.025e-03	-1.366e-02	-3.102e-03	7.363e-01	2.981e-01	4.685e-02	4.995e-02	1.040e-03	4.495e-02
34	1.575e-02	5.574e-02	9.934e-02	1.130e-01	7.159e-02	-1.270e-02	-2.592e-02	0.000e+00	6.918e-01	3.000e-01	4.544e-02	4.881e-02	1.075e-03	4.546e-02
34	1.818e-02	4.943e-02	1.023e-01	1.118e-01	8.364e-02	-2.759e-03	-2.124e-02	-4.885e-03	7.588e-01	3.000e-01	4.514e-02	4.823e-02	1.073e-03	4.516e-02
34	1.683e-02	5.358e-02	9.846e-02	1.115e-01	8.899e-02	-1.192e-03	-2.891e-02	-1.975e-03	7.525e-01	2.993e-01	4.531e-02	4.837e-02	1.087e-03	4.527e-02
35	1.926e-02	5.350e-02	1.012e-01	1.088e-01	6.833e-02	0.000e+00	-2.806e-02	-7.692e-04	7.522e-01	2.980e-01	4.459e-02	4.762e-02	1.051e-03	4.460e-02
35	2.152e-02	4.296e-02	9.958e-02	1.070e-01	7.416e-02	0.000e+00	-2.354e-02	0.000e+00	7.729e-01	2.994e-01	4.495e-02	4.793e-02	1.011e-03	3.726e-02
35	1.028e-02	5.902e-02	9.526e-02	1.107e-01	7.148e-02	-9.575e-03	-3.160e-02	-9.174e-04	7.383e-01	2.977e-01	4.544e-02	4.842e-02	1.077e-03	4.543e-02
35	2.046e-02	5.011e-02	1.010e-01	1.112e-01	7.845e-02	-4.263e-05	-2.115e-02	-1.515e-03	7.395e-01	2.993e-01	4.446e-02	4.749e-02	1.042e-03	4.304e-02
35	1.762e-02	5.676e-02	1.001e-01	1.120e-01	8.457e-02	-1.629e-02	-1.995e-02	0.000e+00	6.412e-01	3.000e-01	4.462e-02	4.799e-02	1.083e-03	4.461e-02
35	2.050e-02	5.307e-02	9.781e-02	1.158e-01	9.174e-02	-1.760e-02	-3.643e-02	-2.006e-03	7.327e-01	2.994e-01	4.502e-02	4.820e-02	1.165e-03	4.503e-02
35	1.498e-02	5.152e-02	9.899e-02	1.140e-01	7.659e-02	-5.245e-03	-3.120e-02	-7.483e-04	7.420e-01	3.000e-01	4.461e-02	4.774e-02	1.082e-03	4.460e-02
35	1.961e-02	5.426e-02	9.969e-02	1.130e-01	9.496e-02	-1.448e-02	-3.307e-02	-1.072e-03	5.870e-01	2.964e-01	4.385e-02	4.729e-02	1.135e-03	4.384e-02
36	1.237e-02	5.071e-02	9.779e-02	1.170e-01	9.205e-02	0.000e+00	-3.841e-02	0.000e+00	7.497e-01	3.000e-01	4.530e-02	4.847e-02	1.114e-03	4.529e-02
36	2.082e-02	4.986e-02	9.920e-02	1.154e-01	8.588e-02	-1.533e-02	-3.493e-02	-4.050e-03	7.367e-01	2.978e-01	4.370e-02	4.674e-02	1.149e-03	4.370e-02
36	2.098e-02	5.574e-02	1.034e-01	1.096e-01	7.526e-02	0.000e+00	-2.209e-02	-3.071e-03	7.363e-01	2.978e-01	4.400e-02	4.710e-02	1.065e-03	4.399e-02
36	1.106e-02	5.185e-02	9.984e-02	1.109e-01	8.231e-02	-4.230e-03	-2.724e-02	-5.812e-03	7.445e-01	2.993e-01	4.436e-02	4.738e-02	1.081e-03	4.437e-02
36	1.412e-02	5.582e-02	8.934e-02	1.130e-01	7.464e-02	-1.280e-02	-2.533e-02	0.000e+00	7.542e-01	3.000e-01	4.539e-02	4.829e-02	1.050e-03	4.539e-02
36	1.840e-02	5.584e-02	9.910e-02	1.130e-01	8.396e-02	-5.288e-03	-2.840e-02	0.000e+00	7.529e-01	2.991e-01	4.580e-02	4.883e-02	1.094e-03	4.581e-02
36	2.673e-02	5.151e-02	8.418e-02	1.147e-01	7.944e-02	-1.417e-02	-3.554e-02	-6.971e-04	7.305e-01	2.999e-01	4.467e-02	4.766e-02	1.092e-03	4.471e-02
36	1.140e-02	5.506e-02	9.924e-02	1.118e-01	6.883e-02	-1.565e-02	-3.213e-02	-3.458e-03	6.993e-01	2.997e-01	4.395e-02	4.813e-02	1.099e-03	4.404e-02
37	1.581e-02	5.870e-02	8.739e-02	1.153e-01	8.387e-02	-8.751e-03	-2.637e-02	-4.947e-05	7.514e-01	2.986e-01	4.560e-02	4.842e-02	1.067e-03	4.559e-02
37	1.569e-02	5.029e-02	9.059e-02	1.112e-01	9.596e-02	-9.067e-03	-2.281e-02	-9.218e-04	7.557e-01	2.992e-01	4.789e-02	5.094e-02	1.056e-03	4.785e-02
37	2.030e-02	5.357e-02	9.666e-02	1.127e-01	7.727e-02	-1.323e-02	-2.442e-02	-1.638e-03	7.491e-01	2.985e-01	4.411e-02	4.709e-02	1.082e-03	4.413e-02
37	1.313e-02	5.716e-02	9.771e-02	1.172e-01	9.105e-02	-7.115e-03	-3.038e-02	0.000e+00	7.484e-01	3.000e-01	4.705e-02	5.031e-02	1.119e-03	4.702e-02
37	1.129e-02	5.466e-02	1.001e-01	1.137e-01	8.505e-02	-1.291e-02	-1.959e-02	-3.107e-03	7.292e-01	3.000e-01	4.600e-02	4.932e-02	1.083e-03	4.597e-02
37	1.552e-02	5.469e-02	9.563e-02	1.169e-01	9.698e-02	-7.160e-03	-2.677e-02	0.000e+00	7.527e-01	2.997e-01	4.698e-02	5.037e-02	1.105e-03	4.695e-02
37	7.404e-03	5.350e-02	1.002e-01	1.160e-01	7.728e-02	-1.136e-03	-3.410e-02	-2.049e-03	7.777e-01	3.000e-01	4.595e-02	4.907e-02	1.094e-03	4.596e-02
37	1.844e-02	5.395e-02	9.198e-02	1.157e-01	7.547e-02	-7.242e-03	-3.889e-02	0.000e+00	7.485e-01	2.975e-01	4.428e-02	4.742e-02	1.101e-03	4.429e-02
38	1.541e-02	5.044e-02	7.867e-02	1.128e-01	9.464e-02	-6.567e-03	-2.869e-02	0.000e+00	7.494e-01	2.989e-01	4.898e-02	5.181e-02	1.031e-03	4.521e-02
38	1.406e-02	5.847e-02	8.811e-02	1.138e-01	9.279e-02	-2.494e-03	-2.167e-02	0.000e+00	7.544e-01	2.992e-01	4.756e-02	5.047e-02	1.047e-03	4.710e-02
38	1.188e-02	5.234e-02	9.947e-02	1.113e-01	9.543e-02	-1.500e-04	-2.410e-02	-5.581e-04	7.660e-01	2.996e-01	4.720e-02	5.028e-02	1.068e-03	4.721e-02
38	9.813e-03	5.833e-02	1.020e-01	1.147e-01	9.074e-02	-8.544e-03	-2.255e-02	-9.052e-04	7.371e-01	2.997e-01	4.657e-02	4.973e-02	1.102e-03	4.658e-02
38	1.314e-02	6.005e-02	9.890e-02	1.127e-01	1.021e-01	-1.098e-02	-3.432e-02	-1.695e-04	7.410e-01	2.986e-01	4.571e-02	4.870e-02	1.157e-03	4.572e-02
38	1.489e-02	6.260e-02	9.803e-02	1.156e-01	8.337e-02	-8.117e-03	-3.018e-02	0.000e+00	7.404e-01	2.995e-01	4.547e-02	4.853e-02	1.120e-03	4.546e-02
38	1.414e-02	4.665e-02	9.470e-02	1.140e-01	1.023e-01	-4.627e-03	-1.951e-02	0.000e+00	7.501e-01	3.000e-01	4.633e-02	4.935e-02	1.049e-03	4.626e-02
38	2.004e-02	5.341e-02	8.730e-02	1.123e-01	8.706e-02	-7.979e-03	-2.967e-02	-2.651e-03	7.531e-01	2.993e-01	4.572e-02	4.854e-02	1.075e-03	4.567e-02
39	1.324e-02	5.084e-02	9.878e-02	1.115e-01	1.193e-01	-9.097e-03	-2.670e-02	-8.586e-04	7.448e-01	2.996e-01	4.662e-02	4.942e-02	1.130e-03	4.663e-02
39	1.386e-02	5.507e-02	8.821e-02	1.106e-01	8.936e-02	-1.585e-03	-2.362e-02	-4.310e-04	7.597e-01	2.997e-01	4.750e-02	5.027e-02	1.032e-03	4.409e-02
39	1.422e-02	4.988e-02	1.024e-01	1.137e-01	7.848e-02	-1.360e-03	-2.612e-02	-2.374e-03	7.579e-01	3.000e-01	4.533e-02	4.849e-02	1.070e-03	4.534e-02
39	1.055e-02	5.765e-02	9.445e-02	1.142e-01	9.669e-02	-5.305e-03	-2.680e-02	-6.236e-04	7.631e-01	2.991e-01	4.632e-02	4.926e-02	1.093e-03	4.635e-02
39	9.208e-03	5.972e-02	9.119e-02	1.091e-01	8.769e-02	-2.727e-03	-1.745e-02	0.000e+00	7.654e-01	3.000e-01	4.887e-02	5.186e-02	1.020e-03	4.305e-02
39	1.857e-02	4.994e-02	9.903e-02	1.108e-01	9.837e-02	0.000e+00	-2.257e-02	-1.694e-03	7.558e-01	2.993e-01	4.615e-02	4.911e-02	1.071e-03	4.615e-02
39	5.690e-03	5.553e-02	9.981e-02	1.127e-01	9.679e-02	-1.577e-02	-2.553e-02	-1.180e-03	7.580e-01	2.989e-01	4.664e-02	4.970e-02	1.116e-03	4.656e-02
39	1.506e-02	5.819e-02	9.861e-02	1.114e-01	7.297e-02	0.000e+00	-2.485e-02	-2.100e-03	7.569e-01	3.000e-01	4.543e-02	4.862e-02	1.058e-03	4.543e-02
40	1.653e-02	5.825e-02	9.611e-02	1.144e-01	9.257e-02	-1.828e-02	-2.565e-02	-6.173e-05	7.457e-01	2.996e-01	4.600e-02	4.913e-02	1.124e-03	4.600e-02
40	9.818e-03	5.829e-02	9.974e-02	1.119e-01	1.082e-01	-3.115e-03	-2.672e-02	0.000e+00	7.356e-01	2.986e-01	4.720e-02	5.022e-02	1.113e-03	4.720e-02
40	5.000e-03	5.845e-02	9.745e-02	1.147e-01	1.186e-01	-5.795e-03	-2.879e-02	-1.004e-03	7.505e-01	2.996e-01	4.709e-02	5.019e-02	1.139e-03	4.708e-02
40	9.674e-03	5.406e-02	9.811e-02	1.152e-01	9.583e-02	-1.812e-02	-2.467e-02	-2.920e-04	7.588e-01	2.997e-01	4.624e-02	4.937e-02	1.117e-03	4.624e-02
40	1.045e-02	5.049e-02	1.018e-01	1.086e-01	1.113e-01	-1.187e-03	-2.255e-02	-9.565e-04	7.638e-01	2.999e-01	4.774e-02	5.078e-02	1.084e-03	4.774e-02
40	1.532e-02	5.175e-02	9.337e-02	1.119e-01	1.279e-01	-1.465e-02	-2.984e-02	0.000e+00	7.593e-01	2.988e-01	4.652e-02	4.943e-02	1.155e-03	4.654e-02
40	1.344e-02	5.491e-02	9.815e-02	1.111e-01	9.218e-02	-2.143e-02	-2.013e-02	-1.466e-04	7.472e-01	2.996e-01	4.538e-02	4.847e-02	1.097e-03	4.538e-02
40	5.000e-03	5.841e-02	9.953e-02	1.150e-01	1.112e-01	-5.034e-03	-2.536e-02	-1.044e-03	7.562e-01	2.997e-01	4.676e-02	4.991e-02	1.123e-03	4.677e-02
41	1.450e-02	5.400e-02	9.843e-02	1.066e-01	1.106e-01	-2.441e-03	-2.243e-02	-1.234e-03	7.645e-01	3.000e-01	4.681e-02	4.961e-02	1.084e-03	4.682e-02
41	9.612e-03	5.683e-02	1.001e-01	1.093e-01	1.087e-01	-2.866e-03	-2.399e-02	-1.484e-03	7.623e-01	2.989e-01	4.679e-02	4.971e-02	1.100e-03	4.680e-02
41	6.180e-03	5.729e-02	9.789e-02	1.159e-01	1.254e-01	-5.340e-03	-3.568e-02	0.000e+00	7.489e-01	2.991e-01	4.659e-02	4.968e-02	1.173e-03	4.659e-02
41	5.000e-03	6.097e-02	9.874e-02	1.143e-01	1.172e-01	-6.272e-03	-2.216e-02	0.000e+00	7.520e-01	2.996e-01	4.747e-02	5.050e-02	1.122e-03	4.749e-02
41	7.845e-03	5.837e-02	1.003e-01	1.101e-01	1.042e-01	-1.787e-03	-2.609e-02	0.000e+00	7.581e-01	2.992e-01	4.728e-02	5.023e-02	1.100e-03	4.728e-02
41	7.254e-03	5.621e-02	1.011e-01	1.086e-01	1.344e-01	-1.473e-02	-2.009e-02	-5.134e-04	7.010e-01	2.988e-01	4.614e-02	4.918e-02	1.142e-03	4.610e-02
41	9.394e-03	5.499e-02	9.841e-02	1.107e-01	9.289e-02	-3.645e-04	-2.742e-02	-8.944e-04	7.480e-01	3.000e-01	4.602e-02	4.904e-02	1.074e-03	4.603e-02
41	9.162e-03	5.705e-02	1.002e-01	1.102e-01	9.923e-02	-9.923e-03	-2.699e-02	-1.436e-03	7.487e-01	2.995e-01	4.607e-02	4.916e-02	1.115e-03	4.604e-02
42	6.229e-03	6.898e-02	9.853e-02	1.113e-01	1.055e-01	-7.459e-03	-2.246e-02	0.000e+00	7.503e-01	2.996e-01	4.831e-02	5.131e-02	1.122e-03	4.832e-02
42	7.620e-03	5.879e-02	9.806e-02	1.146e-01	1.074e-01	-2.365e-03	-2.850e-02	-9.442e-04	7.594e-01	2.993e-01	4.704e-02	5.010e-02	1.123e-03	4.703e-02
42	9.235e-03	5.072e-02	9.896e-02	1.131e-01	1.272e-01	-5.141e-03	-2.191e-02	-1.561e-03	7.671e-01	2.996e-01	4.711e-02	5.015e-02	1.118e-03	4.716e-02
42	5.000e-03	5.419e-02	9.881e-02	1.063e-01	1.178e-01	-6.066e-04	-2.172e-02	0.000e+00	7.772e-01	2.995e-01	4.900e-02	5.196e-02	1.073e-03	4.896e-02
42	5.000e-03	6.196e-02	9.760e-02	1.124e-01	1.268e-01	-5.840e-03	-2.634e-02	0.000e+00	7.405e-01	2.992e-01	4.794e-02	5.107e-02	1.143e-03	4.794e-02
42	1.088e-02	5.278e-02	1.026e-01	1.082e-01	1.075e-01	0.000e+00	-2.267e-02	-2.688e-04	7.797e-01	2.995e-01	4.711e-02	5.003e-02	1.085e-03	4.712e-02
42	5.000e-03	5.960e-02	9.349e-02	1.138e-01	1.385e-01	-5.749e-03	-2.380e-02	0.000e+00	7.671e-01	2.992e-01	4.784e-02	5.084e-02	1.139e-03	4.782e-02
42	1.213e-02	5.945e-02	9.884e-02	1.141e-01	1.155e-01	-4.374e-03	-2.594e-02	-7.171e-04	7.507e-01	2.999e-01	4.719e-02	5.005e-02	1.137e-03	4.721e-02
43	5.000e-03	5.645e-02	9.366e-02	1.031e-01	1.060e-01	-5.039e-03	-2.313e-02	-7.553e-04	7.835e-01	2.995e-01	4.808e-02	5.078e-02	1.054e-03	4.808e-02
43	5.000e-03	5.423e-02	1.028e-01	1.066e-01	1.163e-01	0.000e+00	-2.914e-02	-1.232e-03	7.812e-01	3.000e-01	4.743e-02	5.037e-02	1.114e-03	4.744e-02
43	6.824e-03	5.983e-02	1.003e-01	1.085e-01	1.076e-01	-1.727e-03	-2.022e-02	-7.339e-04	7.688e-01	2.986e-01	4.778e-02	5.069e-02	1.085e-03	4.779e-02
43	5.000e-03	5.586e-02	9.861e-02	1.098e-01	1.346e-01	-3.351e-03	-2.869e-02	-4.544e-04	7.582e-01	2.993e-01	4.753e-02	5.088e-02	1.144e-03	4.781e-02
43	1.355e-02	5.198e-02	9.264e-02	1.111e-01	8.544e-02	-5.868e-04	-2.526e-02	-5.187e-04	7.605e-01	2.996e-01	4.786e-02	5.082e-02	1.036e-03	4.507e-02
43	5.000e-03	6.493e-02	8.909e-02	1.104e-01	1.127e-01	-4.354e-03	-2.136e-02	0.000e+00	7.541e-01	2.994e-01	4.894e-02	5.182e-02	1.079e-03	4.893e-02
43	8.718e-03	6.031e-02	9.502e-02	1.067e-01	1.171e-01	0.000e+00	-2.228e-02	0.000e+00	7.579e-01	2.992e-01	4.815e-02	5.106e-02	1.083e-03	4.816e-02
43	5.000e-03	6.773e-02	9.878e-02	1.111e-01	1.094e-01	-5.046e-03	-2.870e-02	-1.487e-04	7.686e-01	2.991e-01	4.704e-02	4.990e-02	1.142e-03	4.705e-02
44	5.620e-03	5.616e-02	8.575e-02	1.064e-01	1.341e-01	-2.527e-03	-2.542e-02	0.000e+00	7.604e-01	2.994e-01	4.827e-02	5.105e-02	1.079e-03	4.830e-02
44	5.000e-03	6.644e-02	8.314e-02	1.129e-01	9.567e-02	-5.633e-03	-2.761e-02	-1.302e-04	7.715e-01	2.994e-01	4.777e-02	5.051e-02	1.070e-03	4.776e-02
44	1.455e-02	5.056e-02	9.425e-02	1.030e-01	1.122e-01	-3.509e-03	-2.078e-02	-1.070e-03	7.621e-01	2.991e-01	4.748e-02	5.031e-02	1.050e-03	4.747e-02
44	1.336e-02	5.754e-02	8.525e-02	1.092e-01	7.972e-02	-2.846e-03	-2.503e-02	-7.199e-04	7.633e-01	2.992e-01	4.679e-02	4.954e-02	1.017e-03	4.034e-02
44	5.000e-03	7.000e-02	9.450e-02	1.058e-01	1.101e-01	-4.044e-03	-1.874e-02	0.000e+00	7.722e-01	2.990e-01	4.847e-02	5.120e-02	1.085e-03	4.846e-02
44	5.000e-03	6.468e-02	9.241e-02	1.039e-01	1.092e-01	-4.591e-03	-2.460e-02	0.000e+00	7.628e-01	2.992e-01	4.878e-02	5.155e-02	1.078e-03	4.877e-02
44	5.426e-03	6.692e-02	1.016e-01	1.105e-01	1.167e-01	0.000e+00	-2.026e-02	-3.988e-04	7.436e-01	2.993e-01	4.776e-02	5.068e-02	1.119e-03	4.772e-02
44	5.485e-03	6.279e-02	9.339e-02	1.133e-01	1.093e-01	-4.685e-03	-2.429e-02	-6.248e-04	7.598e-01	2.993e-01	4.753e-02	5.040e-02	1.103e-03	4.753e-02
45	5.000e-03	5.931e-02	8.220e-02	1.090e-01	1.247e-01	-6.053e-03	-2.591e-02	-2.087e-04	7.825e-01	2.992e-01	4.864e-02	5.138e-02	1.079e-03	4.866e-02
45	1.119e-02	6.274e-02	9.498e-02	1.092e-01	9.422e-02	-2.606e-03	-2.397e-02	-4.486e-04	7.480e-01	2.990e-01	4.716e-02	5.003e-02	1.075e-03	4.715e-02
45	5.000e-03	6.647e-02	1.023e-01	1.036e-01	1.067e-01	-3.276e-03	-2.040e-02	-6.750e-05	7.567e-01	2.993e-01	4.759e-02	5.140e-02	1.093e-03	4.781e-02
45	5.000e-03	6.449e-02	8.267e-02	1.079e-01	1.339e-01	-4.708e-03	-2.327e-02	-5.801e-05	7.568e-01	2.994e-01	4.881e-02	5.158e-02	1.092e-03	4.884e-02
45	5.000e-03	5.263e-02	9.882e-02	1.053e-01	1.272e-01	-6.339e-04	-2.813e-02	0.000e+00	7.749e-01	2.994e-01	4.852e-02	5.139e-02	1.103e-03	4.852e-02
45	5.000e-03	6.330e-02	9.097e-02	1.092e-01	1.224e-01	-4.777e-03	-2.504e-02	-1.288e-04	7.633e-01	2.993e-01	4.816e-02	5.094e-02	1.107e-03	4.815e-02
45	9.416e-03	5.911e-02	9.937e-02	1.007e-01	1.103e-01	-4.914e-03	-2.136e-02	-1.622e-04	7.781e-01	2.995e-01	4.762e-02	5.063e-02	1.080e-03	4.758e-02
45	6.699e-03	6.809e-02	9.909e-02	1.018e-01	1.140e-01	-1.866e-03	-2.292e-02	0.000e+00	7.338e-01	2.992e-01	4.773e-02	5.057e-02	1.100e-03	4.774e-02
46	5.000e-03	5.230e-02	9.761e-02	1.056e-01	1.414e-01	-1.957e-03	-2.335e-02	-5.174e-04	7.966e-01	2.994e-01	4.784e-02	5.071e-02	1.114e-03	4.786e-02
46	6.365e-03	5.995e-02	7.496e-02	1.120e-01	1.416e-01	-4.857e-03	-2.543e-02	0.000e+00	7.631e-01	2.995e-01	4.829e-02	5.147e-02	1.087e-03	4.828e-02
46	9.074e-03	5.725e-02	8.603e-02	1.015e-01	1.332e-01	-2.236e-05	-2.484e-02	0.000e+00	7.765e-01	2.990e-01	4.790e-02	5.060e-02	1.067e-03	4.792e-02
46	5.000e-03	6.711e-02	8.495e-02	1.066e-01	1.295e-01	-4.864e-03	-2.183e-02	-4.934e-04	7.775e-01	2.992e-01	4.874e-02	5.145e-02	1.092e-03	4.875e-02
46	6.435e-03	5.058e-02	8.729e-02	1.048e-01	1.488e-01	-4.629e-03	-2.781e-02	-3.941e-04	7.672e-01	2.992e-01	4.708e-02	5.018e-02	1.104e-03	4.700e-02
46	5.000e-03	5.741e-02	7.436e-02	1.119e-01	1.266e-01	-5.792e-03	-2.699e-02	-1.530e-04	7.509e-01	2.994e-01	4.885e-02	5.175e-02	1.060e-03	4.885e-02
46	7.913e-03	5.978e-02	8.810e-02	1.122e-01	1.085e-01	-7.713e-03	-2.853e-02	-3.526e-04	7.593e-01	2.992e-01	4.711e-02	4.995e-02	1.100e-03	4.712e-02
46	1.300e-02	4.396e-02	8.323e-02	1.112e-01	1.274e-01	-3.502e-03	-2.343e-02	-6.975e-04	7.707e-01	2.994e-01	4.909e-02	5.210e-02	1.051e-03	4.909e-02
47	1.042e-02	4.640e-02	9.237e-02	1.077e-01	1.308e-01	-2.244e-03	-2.540e-02	-6.987e-04	7.668e-01	2.993e-01	4.749e-02	5.039e-02	1.083e-03	4.750e-02
47	9.003e-03	5.436e-02	7.946e-02	1.105e-01	1.027e-01	-6.668e-03	-2.448e-02	-7.411e-04	7.771e-01	2.995e-01	4.785e-02	5.046e-02	1.030e-03	4.400e-02
47	7.561e-03	5.954e-02	8.100e-02	1.081e-01	9.995e-02	-9.577e-03	-2.214e-02	-1.145e-03	7.331e-01	2.991e-01	4.770e-02	5.052e-02	1.032e-03	4.424e-02
47	8.298e-03	4.197e-02	7.682e-02	1.115e-01	1.467e-01	-5.978e-03	-2.320e-02	-3.596e-04	7.741e-01	2.994e-01	4.647e-02	4.978e-02	1.054e-03	4.647e-02
47	5.127e-03	6.242e-02	8.218e-02	1.093e-01	1.173e-01	-6.209e-03	-2.926e-02	-6.437e-04	7.681e-01	2.995e-01	5.027e-02	5.303e-02	1.090e-03	5.024e-02
47	6.129e-03	5.885e-02	7.140e-02	1.058e-01	1.366e-01	0.000e+00	-2.657e-02	-9.006e-04	7.836e-01	2.991e-01	4.779e-02	5.060e-02	1.046e-03	4.714e-02
47	6.296e-03	6.029e-02	7.346e-02	1.068e-01	1.250e-01	-2.156e-03	-2.258e-02	-5.451e-04	7.799e-01	2.993e-01	4.901e-02	5.283e-02	1.033e-03	4.583e-02
47	5.000e-03	5.344e-02	7.818e-02	1.066e-01	1.500e-01	-2.076e-03	-2.418e-02	-5.600e-05	7.771e-01	2.995e-01	4.844e-02	5.208e-02	1.067e-03	4.842e-02
48	5.000e-03	6.514e-02	7.189e-02	1.063e-01	1.251e-01	-3.140e-03	-3.384e-02	-4.260e-04	7.974e-01	2.994e-01	4.877e-02	5.136e-02	1.078e-03	4.876e-02
48	6.717e-03	5.951e-02	8.884e-02	1.075e-01	1.125e-01	-5.909e-03	-2.983e-02	-5.089e-04	7.583e-01	2.996e-01	4.799e-02	5.110e-02	1.094e-03	4.806e-02
48	5.000e-03	6.913e-02	5.167e-02	1.090e-01	1.175e-01	-7.037e-03	-2.915e-02	-4.385e-04	7.792e-01	2.993e-01	4.781e-02	5.031e-02	1.011e-03	4.016e-02
48	5.619e-03	5.741e-02	8.293e-02	1.058e-01	1.323e-01	-4.538e-03	-2.605e-02	-6.381e-04	7.692e-01	2.996e-01	4.792e-02	5.065e-02	1.079e-03	4.790e-02
48	7.639e-03	5.703e-02	7.989e-02	1.027e-01	1.098e-01	-5.935e-03	-2.439e-02	-9.176e-04	7.692e-01	2.994e-01	4.877e-02	5.131e-02	1.027e-03	4.428e-02
48	5.000e-03	7.000e-02	7.898e-02	1.064e-01	1.272e-01	-4.293e-03	-2.726e-02	-2.560e-04	7.627e-01	2.994e-01	4.977e-02	5.249e-02	1.093e-03	4.977e-02
48	5.000e-03	5.278e-02	7.715e-02	1.094e-01	1.380e-01	-2.293e-03	-2.488e-02	-6.409e-04	7.936e-01	2.994e-01	4.894e-02	5.182e-02	1.060e-03	4.896e-02
48	5.000e-03	5.126e-02	6.990e-02	1.078e-01	1.266e-01	-3.978e-03	-2.688e-02	-8.525e-04	7.874e-01	2.994e-01	4.851e-02	5.123e-02	1.019e-03	4.245e-02
49	6.420e-03	6.163e-02	8.248e-02	1.029e-01	1.248e-01	-4.599e-03	-2.346e-02	-4.681e-04	7.858e-01	2.994e-01	4.992e-02	5.252e-02	1.062e-03	4.989e-02
49	5.000e-03	4.988e-02	6.579e-02	1.051e-01	1.440e-01	-3.037e-03	-3.262e-02	-2.887e-04	7.716e-01	2.995e-01	4.691e-02	4.997e-02	1.038e-03	4.465e-02
49	5.000e-03	6.783e-02	8.308e-02	1.040e-01	1.158e-01	-4.951e-03	-2.133e-02	-5.754e-04	7.669e-01	2.995e-01	5.035e-02	5.307e-02	1.060e-03	5.037e-02
49	5.000e-03	5.386e-02	8.125e-02	1.102e-01	1.240e-01	-3.259e-03	-2.809e-02	-5.707e-04	8.000e-01	2.994e-01	4.832e-02	5.109e-02	1.068e-03	4.835e-02
49	5.000e-03	6.511e-02	9.464e-02	1.063e-01	1.222e-01	-5.568e-03	-2.930e-02	-6.456e-04	7.520e-01	2.994e-01	4.767e-02	5.055e-02	1.132e-03	4.770e-02
49	5.000e-03	5.496e-02	9.554e-02	1.050e-01	1.210e-01	-2.332e-03	-2.056e-02	-7.952e-04	7.666e-01	2.995e-01	4.817e-02	5.098e-02	1.070e-03	4.818e-02
49	5.000e-03	5.946e-02	8.507e-02	1.094e-01	1.225e-01	-4.801e-03	-3.273e-02	-6.293e-06	7.786e-01	2.999e-01	4.827e-02	5.101e-02	1.108e-03	4.828e-02
49	5.927e-03	6.483e-02	7.184e-02	1.071e-01	1.273e-01	-4.713e-03	-2.649e-02	-7.631e-04	7.666e-01	2.992e-01	4.900e-02	5.175e-02	1.061e-03	4.901e-02
