Index	edge	1	2	3	4	5	6	7	8	9	finesse_moy	finesse_max	Area	Reward
0	2.652e-02	5.440e-02	4.776e-02	6.120e-02	9.344e-02	-1.535e-02	-6.640e-02	-6.295e-03	7.292e-01	-1.813e-02	2.116e-02	2.117e-02	6.172e-04	3.486e-03
0	1.256e-02	3.316e-02	1.090e-01	3.813e-02	6.217e-02	-2.730e-02	-6.006e-02	-2.182e-02	7.552e-01	-1.155e-02	2.650e-02	2.651e-02	6.653e-04	1.844e-02
0	2.258e-02	5.804e-02	4.177e-02	1.045e-01	5.360e-02	-3.014e-02	-2.478e-02	-9.961e-03	7.723e-01	-5.063e-02	2.503e-02	2.511e-02	5.679e-04	-2.506e-03
0	3.871e-02	5.216e-02	0.000e+00	6.879e-02	6.344e-02	-5.731e-02	-6.868e-02	0.000e+00	7.632e-01	-2.540e-02	2.045e-02	2.048e-02	5.576e-04	-9.146e-03
0	7.922e-03	6.537e-02	9.618e-02	1.144e-01	9.680e-03	-6.134e-02	-2.964e-02	-2.863e-02	7.341e-01	8.266e-02	2.691e-02	2.694e-02	7.771e-04	2.692e-02
0	1.356e-02	4.496e-02	9.824e-02	1.029e-01	7.137e-02	-7.605e-02	-7.782e-02	-3.417e-03	5.468e-01	-2.665e-02	2.063e-02	2.064e-02	8.564e-04	2.063e-02
0	3.484e-02	6.321e-02	1.010e-01	9.054e-02	8.515e-02	-4.576e-02	-5.658e-02	-2.707e-02	7.502e-01	1.936e-01	3.395e-02	3.489e-02	9.013e-04	2.617e-02
0	1.694e-02	6.572e-02	8.102e-02	9.938e-02	5.463e-02	-5.983e-02	-5.599e-02	-9.415e-03	7.643e-01	2.613e-01	3.820e-02	3.979e-02	8.206e-04	3.820e-02
1	1.109e-02	6.908e-02	9.856e-02	1.080e-01	6.811e-02	-6.483e-02	-7.640e-02	-8.696e-03	7.744e-01	-4.389e-02	1.934e-02	1.937e-02	8.895e-04	1.392e-02
1	1.862e-02	7.000e-02	4.785e-02	1.144e-01	8.620e-02	-6.488e-02	-4.010e-02	-9.993e-03	7.946e-01	-2.683e-02	2.018e-02	2.019e-02	7.408e-04	2.017e-02
1	8.360e-03	4.167e-02	7.239e-02	4.265e-02	4.588e-02	-6.391e-02	-3.633e-02	-5.364e-03	7.419e-01	1.896e-01	3.910e-02	3.912e-02	5.848e-04	1.494e-02
1	1.427e-02	5.641e-02	5.440e-02	1.045e-01	5.063e-02	-5.111e-02	-7.925e-02	-5.578e-03	7.591e-01	1.552e-01	3.186e-02	3.242e-02	7.638e-04	3.186e-02
1	5.000e-03	6.908e-02	1.012e-01	9.448e-02	1.713e-02	-5.879e-02	-4.689e-02	-7.843e-03	5.933e-01	1.607e-01	3.325e-02	3.418e-02	7.621e-04	3.325e-02
1	1.336e-02	7.000e-02	7.365e-02	9.920e-02	9.150e-02	-3.735e-02	-5.759e-02	-4.912e-02	4.092e-01	1.937e-01	3.069e-02	3.227e-02	8.816e-04	2.685e-02
1	1.899e-02	7.000e-02	8.386e-02	9.883e-02	5.517e-02	-5.710e-02	-4.268e-02	-6.693e-02	7.749e-01	2.931e-01	3.512e-02	3.676e-02	9.360e-04	2.042e-02
1	1.378e-02	6.804e-02	8.740e-02	1.113e-01	4.655e-02	-7.857e-02	-6.932e-02	-4.115e-02	7.649e-01	3.000e-01	3.342e-02	3.538e-02	9.838e-04	9.134e-03
2	2.151e-02	6.571e-02	9.167e-02	1.024e-01	5.342e-02	-5.450e-02	-8.323e-02	-6.844e-03	4.969e-01	-1.440e-02	2.299e-02	2.304e-02	8.562e-04	2.299e-02
2	1.081e-02	6.221e-02	3.799e-02	1.150e-01	4.476e-02	-2.926e-02	-5.998e-02	-6.808e-02	7.285e-01	-1.922e-02	2.102e-02	2.103e-02	7.804e-04	2.102e-02
2	1.666e-02	5.255e-02	9.224e-02	1.100e-01	4.489e-02	-6.062e-02	-6.619e-02	-4.168e-02	3.000e-01	5.022e-02	2.367e-02	2.367e-02	8.877e-04	1.862e-02
2	2.086e-02	5.828e-02	1.041e-01	9.743e-02	6.582e-02	-5.539e-02	-2.730e-02	-8.753e-03	7.360e-01	9.210e-02	3.145e-02	3.145e-02	7.663e-04	3.144e-02
2	5.000e-03	6.473e-02	5.419e-02	9.284e-02	0.000e+00	-5.625e-02	-5.716e-02	-5.651e-02	6.241e-01	1.963e-01	3.037e-02	3.102e-02	7.683e-04	3.036e-02
2	8.615e-03	6.295e-02	7.186e-02	1.083e-01	5.138e-02	-4.833e-02	-7.217e-02	-9.200e-03	7.372e-01	2.168e-01	3.448e-02	3.576e-02	8.109e-04	3.448e-02
2	1.014e-02	5.768e-02	1.002e-01	1.047e-01	1.032e-01	-3.194e-02	-7.212e-02	-4.027e-03	7.604e-01	3.000e-01	4.002e-02	4.221e-02	8.903e-04	3.442e-02
2	5.000e-03	5.797e-02	8.977e-02	9.448e-02	0.000e+00	-5.290e-02	-6.699e-02	-5.977e-03	6.010e-01	3.000e-01	3.720e-02	3.965e-02	7.530e-04	3.718e-02
3	5.000e-03	7.000e-02	9.500e-02	9.933e-02	4.641e-02	-4.731e-02	-5.608e-02	-7.042e-03	7.942e-01	1.149e-01	3.186e-02	3.186e-02	7.904e-04	3.186e-02
3	2.055e-02	5.904e-02	6.986e-02	1.028e-01	9.671e-02	-1.433e-02	-4.998e-02	-6.389e-03	6.203e-01	-9.337e-03	2.369e-02	2.374e-02	7.037e-04	2.331e-02
3	1.483e-02	5.829e-02	8.071e-02	1.026e-01	1.057e-02	-6.116e-02	-4.454e-02	-8.532e-03	5.574e-01	1.011e-01	3.040e-02	3.041e-02	7.071e-04	3.040e-02
3	1.561e-02	6.475e-02	1.054e-01	1.200e-01	6.048e-02	-1.386e-02	-3.961e-02	-2.691e-02	4.608e-01	4.156e-02	2.663e-02	2.663e-02	8.042e-04	2.663e-02
3	6.265e-03	5.563e-02	5.685e-02	8.503e-02	1.034e-01	-2.891e-02	-1.000e-01	-9.015e-03	5.011e-01	8.284e-02	2.392e-02	2.464e-02	7.867e-04	2.392e-02
3	1.044e-02	6.513e-02	9.126e-02	9.395e-02	0.000e+00	-5.777e-02	-6.701e-02	-7.974e-03	7.567e-01	1.672e-01	3.227e-02	3.293e-02	7.727e-04	3.226e-02
3	1.635e-02	3.937e-02	1.034e-01	1.140e-01	0.000e+00	-4.396e-02	-4.312e-02	-5.715e-03	7.356e-01	2.372e-01	3.451e-02	3.655e-02	7.230e-04	3.449e-02
3	6.338e-03	5.620e-02	8.545e-02	1.149e-01	6.625e-02	-2.576e-02	-3.627e-02	-1.014e-03	7.047e-01	3.000e-01	4.034e-02	4.281e-02	7.287e-04	4.039e-02
4	5.000e-03	7.000e-02	8.667e-02	1.023e-01	1.971e-02	-5.181e-02	0.000e+00	-9.087e-04	7.378e-01	5.175e-02	3.279e-02	3.285e-02	6.010e-04	1.187e-02
4	2.408e-02	5.437e-02	1.007e-01	1.082e-01	5.732e-02	-4.480e-02	-5.785e-02	-2.136e-03	7.549e-01	1.178e-01	3.135e-02	3.184e-02	8.095e-04	3.135e-02
4	5.000e-03	5.585e-02	1.049e-01	1.059e-01	1.852e-02	-3.550e-02	-2.406e-02	-7.900e-03	7.739e-01	1.415e-01	3.352e-02	3.439e-02	6.833e-04	2.905e-02
4	5.000e-03	7.000e-02	1.016e-01	1.052e-01	5.939e-02	-3.928e-02	-3.296e-02	0.000e+00	7.573e-01	2.154e-01	3.791e-02	3.944e-02	7.622e-04	3.790e-02
4	9.266e-03	6.238e-02	6.583e-02	1.139e-01	2.324e-02	-3.281e-02	-4.445e-02	-4.752e-03	6.666e-01	2.560e-01	3.826e-02	4.029e-02	6.818e-04	3.349e-02
4	9.340e-03	6.887e-02	1.039e-01	9.401e-02	0.000e+00	-3.980e-02	-8.287e-02	-5.239e-03	7.422e-01	3.000e-01	3.568e-02	3.802e-02	8.305e-04	3.568e-02
4	5.121e-03	5.933e-02	9.979e-02	1.184e-01	4.875e-02	-3.050e-02	-4.373e-02	-1.233e-03	6.875e-01	2.857e-01	3.921e-02	4.180e-02	7.718e-04	3.924e-02
4	5.000e-03	6.775e-02	9.894e-02	1.200e-01	2.471e-02	-6.079e-03	-3.759e-02	-4.333e-03	7.313e-01	3.000e-01	3.975e-02	4.241e-02	7.252e-04	3.974e-02
5	8.194e-03	7.000e-02	1.040e-01	9.286e-02	2.957e-02	-1.930e-02	-7.029e-02	-5.506e-03	7.477e-01	1.140e-01	3.190e-02	3.190e-02	7.695e-04	3.190e-02
5	1.131e-02	6.144e-02	5.882e-02	1.200e-01	4.657e-03	-3.087e-02	-1.753e-02	-6.215e-03	7.330e-01	1.113e-01	3.247e-02	3.313e-02	5.771e-04	6.781e-03
5	2.423e-02	5.937e-02	9.935e-02	1.148e-01	5.985e-02	-6.168e-03	-4.774e-02	-4.658e-04	7.682e-01	1.655e-01	3.590e-02	3.705e-02	7.519e-04	3.591e-02
5	1.859e-02	6.144e-02	1.063e-01	1.127e-01	1.870e-02	-2.843e-02	-2.913e-02	-1.966e-03	7.358e-01	1.857e-01	3.485e-02	3.627e-02	7.147e-04	3.484e-02
5	7.445e-03	6.856e-02	9.868e-02	1.085e-01	2.744e-02	-3.591e-02	-4.668e-02	-2.479e-03	7.416e-01	2.378e-01	3.627e-02	3.798e-02	7.627e-04	3.626e-02
5	5.000e-03	7.000e-02	8.938e-02	1.200e-01	4.723e-02	-3.707e-02	-3.092e-02	-5.143e-03	7.370e-01	2.756e-01	3.958e-02	4.183e-02	7.609e-04	3.958e-02
5	9.994e-03	5.474e-02	1.024e-01	1.127e-01	4.465e-02	-1.497e-02	-6.420e-02	-3.973e-03	6.376e-01	2.476e-01	3.704e-02	3.922e-02	7.835e-04	3.703e-02
5	5.000e-03	7.000e-02	9.884e-02	1.122e-01	7.855e-03	-2.357e-02	-5.772e-02	-6.910e-03	7.292e-01	3.000e-01	3.768e-02	4.020e-02	7.755e-04	3.768e-02
6	8.974e-03	6.093e-02	9.526e-02	1.181e-01	1.306e-02	-3.435e-02	-4.647e-02	-1.227e-03	7.339e-01	1.344e-01	3.160e-02	3.256e-02	7.231e-04	3.161e-02
6	1.958e-02	6.868e-02	1.037e-01	1.038e-01	1.361e-02	-1.373e-02	-6.616e-02	-2.514e-03	7.354e-01	1.689e-01	3.400e-02	3.502e-02	7.642e-04	3.401e-02
6	6.054e-03	6.680e-02	1.041e-01	1.114e-01	2.640e-02	-3.266e-02	-4.972e-02	-5.774e-03	7.208e-01	1.595e-01	3.297e-02	3.405e-02	7.708e-04	3.296e-02
6	6.246e-03	6.330e-02	8.628e-02	1.144e-01	5.152e-03	0.000e+00	-1.944e-02	0.000e+00	7.300e-01	1.507e-01	3.574e-02	3.686e-02	5.754e-04	9.697e-03
6	1.536e-02	6.382e-02	1.010e-01	1.175e-01	1.198e-01	-2.165e-02	-3.388e-02	-8.634e-03	7.275e-01	1.422e-01	3.305e-02	3.450e-02	8.258e-04	3.303e-02
6	5.352e-03	5.656e-02	6.252e-02	1.200e-01	9.521e-03	-3.272e-02	-4.604e-02	0.000e+00	7.690e-01	2.672e-01	3.799e-02	4.008e-02	6.579e-04	2.844e-02
6	5.000e-03	6.818e-02	7.354e-02	1.040e-01	3.306e-02	0.000e+00	0.000e+00	0.000e+00	6.578e-01	3.000e-01	4.356e-02	4.589e-02	5.398e-04	1.038e-02
6	1.010e-02	6.110e-02	9.981e-02	1.057e-01	4.337e-02	-5.615e-02	-4.572e-02	-3.103e-03	6.315e-01	3.000e-01	3.818e-02	4.079e-02	8.010e-04	3.819e-02
7	1.501e-02	6.918e-02	1.015e-01	7.996e-02	8.265e-02	-2.321e-02	-6.756e-02	-4.548e-03	7.491e-01	1.205e-01	3.386e-02	3.387e-02	8.016e-04	3.386e-02
7	1.869e-02	5.966e-02	1.033e-01	1.022e-01	8.100e-02	-3.944e-02	-3.848e-02	-5.839e-03	7.410e-01	1.692e-01	3.569e-02	3.678e-02	7.964e-04	3.570e-02
7	6.418e-03	5.991e-02	1.022e-01	1.069e-01	3.061e-02	-5.109e-02	-4.915e-02	-7.825e-03	6.928e-01	2.095e-01	3.391e-02	3.547e-02	7.895e-04	3.391e-02
7	1.369e-02	7.000e-02	1.047e-01	1.096e-01	8.943e-02	-3.947e-02	-2.875e-02	-1.944e-03	6.887e-01	1.819e-01	3.623e-02	3.782e-02	8.034e-04	3.624e-02
7	1.613e-02	6.506e-02	1.024e-01	1.197e-01	8.309e-02	-1.433e-02	-5.328e-02	-8.188e-03	7.400e-01	2.479e-01	3.795e-02	3.992e-02	8.477e-04	3.795e-02
7	1.161e-02	5.076e-02	8.946e-02	4.290e-02	2.422e-02	-2.755e-02	-6.405e-02	-6.299e-03	5.404e-01	3.000e-01	4.143e-02	4.344e-02	6.348e-04	2.726e-02
7	2.190e-02	7.000e-02	1.014e-01	1.135e-01	2.536e-02	-4.831e-02	-5.913e-02	-2.128e-02	7.299e-01	3.000e-01	3.592e-02	3.830e-02	8.909e-04	3.020e-02
7	2.026e-02	6.391e-02	9.742e-02	1.200e-01	6.073e-02	-5.411e-02	-2.765e-02	-2.437e-02	7.500e-01	3.000e-01	3.777e-02	4.018e-02	8.625e-04	3.776e-02
8	2.572e-02	6.105e-02	6.884e-02	1.200e-01	1.153e-01	-4.532e-02	-5.415e-02	-1.201e-02	7.347e-01	1.897e-01	3.330e-02	3.512e-02	8.604e-04	3.331e-02
8	1.673e-02	5.524e-02	1.044e-01	1.190e-01	1.047e-01	-3.779e-02	-5.766e-02	-7.088e-03	7.599e-01	2.058e-01	3.600e-02	3.768e-02	8.943e-04	2.962e-02
8	1.534e-02	6.879e-02	8.208e-02	1.200e-01	2.742e-02	-4.802e-02	-3.353e-02	-2.290e-02	7.301e-01	2.070e-01	3.348e-02	3.498e-02	7.836e-04	3.348e-02
8	1.809e-02	5.177e-02	7.698e-02	1.200e-01	6.709e-02	-4.878e-02	-6.019e-02	-7.904e-03	7.530e-01	2.511e-01	3.645e-02	3.830e-02	8.242e-04	3.644e-02
8	1.881e-02	6.623e-02	1.006e-01	1.176e-01	7.235e-02	-4.012e-02	0.000e+00	-1.133e-02	7.612e-01	2.777e-01	4.034e-02	4.253e-02	7.623e-04	4.034e-02
8	2.096e-02	5.421e-02	1.008e-01	1.124e-01	7.952e-02	-2.162e-02	-3.011e-02	-5.229e-03	7.606e-01	3.000e-01	4.115e-02	4.365e-02	7.745e-04	4.123e-02
8	1.482e-02	6.441e-02	1.011e-01	1.181e-01	1.248e-01	-5.033e-02	-5.583e-02	-1.027e-02	7.522e-01	2.493e-01	3.592e-02	3.791e-02	9.492e-04	1.856e-02
8	1.798e-02	6.142e-02	1.027e-01	1.105e-01	1.174e-01	-4.232e-02	-5.892e-02	-6.573e-03	7.438e-01	2.996e-01	4.133e-02	4.369e-02	9.258e-04	2.865e-02
9	2.669e-02	6.477e-02	8.471e-02	1.200e-01	1.696e-02	-5.682e-02	-4.243e-02	-9.936e-03	7.752e-01	2.077e-01	3.494e-02	3.644e-02	7.893e-04	3.493e-02
9	2.220e-02	5.801e-02	8.983e-02	1.165e-01	1.344e-01	-2.236e-02	-4.178e-02	-1.923e-02	8.000e-01	1.619e-01	3.178e-02	3.358e-02	8.607e-04	3.178e-02
9	1.602e-02	6.627e-02	9.307e-02	1.181e-01	7.932e-02	-5.141e-02	-1.898e-02	-9.090e-03	7.725e-01	2.917e-01	3.972e-02	4.189e-02	8.106e-04	3.969e-02
9	2.130e-02	5.389e-02	1.028e-01	1.179e-01	9.391e-02	-2.969e-02	-3.322e-02	-5.744e-02	7.441e-01	3.000e-01	3.715e-02	3.951e-02	9.392e-04	2.180e-02
9	3.504e-02	6.302e-02	8.403e-02	1.200e-01	2.861e-02	-1.836e-02	-7.894e-03	-3.457e-03	7.969e-01	3.000e-01	4.017e-02	4.241e-02	6.704e-04	3.311e-02
9	3.233e-02	6.441e-02	1.034e-01	1.158e-01	5.553e-02	-4.965e-02	-3.248e-02	-7.256e-03	7.665e-01	2.570e-01	3.717e-02	3.913e-02	8.361e-04	3.716e-02
9	1.718e-02	5.328e-02	9.863e-02	1.200e-01	5.500e-02	-2.120e-02	-6.984e-03	-5.666e-03	7.545e-01	3.000e-01	4.307e-02	4.575e-02	6.988e-04	4.172e-02
9	2.476e-02	5.611e-02	1.004e-01	1.200e-01	8.085e-02	-2.365e-02	-3.363e-02	-6.547e-03	7.710e-01	2.860e-01	4.021e-02	4.250e-02	8.077e-04	4.021e-02
10	1.936e-02	5.519e-02	8.833e-02	1.195e-01	7.955e-02	-4.549e-02	-2.500e-02	-7.093e-03	7.694e-01	2.574e-01	3.778e-02	3.973e-02	7.820e-04	3.778e-02
10	6.422e-03	6.803e-02	1.012e-01	1.160e-01	9.463e-02	-5.615e-02	0.000e+00	-8.558e-03	7.368e-01	2.771e-01	3.980e-02	4.202e-02	7.920e-04	3.977e-02
10	1.744e-02	5.657e-02	1.024e-01	1.200e-01	7.177e-02	-3.812e-02	-2.366e-02	-5.449e-03	7.590e-01	2.464e-01	3.802e-02	4.014e-02	7.859e-04	3.809e-02
10	1.769e-02	5.720e-02	9.888e-02	1.182e-01	1.001e-01	-2.004e-02	-2.529e-03	-5.756e-03	7.423e-01	2.940e-01	4.267e-02	4.515e-02	7.375e-04	4.267e-02
10	1.547e-02	5.767e-02	9.658e-02	1.182e-01	6.928e-02	-2.443e-02	-1.473e-02	-5.679e-03	7.342e-01	3.000e-01	4.109e-02	4.362e-02	7.338e-04	4.108e-02
10	2.021e-02	5.012e-02	8.304e-02	1.200e-01	5.780e-02	-3.232e-02	-3.405e-02	-6.418e-03	7.839e-01	3.000e-01	4.045e-02	4.274e-02	7.479e-04	4.042e-02
10	3.197e-02	6.086e-02	9.985e-02	1.159e-01	7.803e-02	-3.887e-02	0.000e+00	-2.870e-02	7.889e-01	3.000e-01	4.066e-02	4.310e-02	8.107e-04	4.070e-02
10	1.958e-02	5.256e-02	1.056e-01	1.081e-01	5.274e-02	0.000e+00	-2.656e-02	0.000e+00	7.374e-01	2.837e-01	4.237e-02	4.480e-02	6.887e-04	3.900e-02
11	3.001e-02	6.307e-02	9.733e-02	1.200e-01	7.225e-02	-3.329e-02	-8.130e-03	-4.385e-03	7.423e-01	2.302e-01	3.779e-02	3.960e-02	7.500e-04	3.779e-02
11	7.818e-03	6.661e-02	8.417e-02	1.155e-01	5.668e-02	-4.104e-02	-3.209e-03	-1.519e-02	7.606e-01	3.000e-01	4.017e-02	4.236e-02	7.185e-04	4.015e-02
11	2.920e-02	4.711e-02	9.878e-02	1.116e-01	6.788e-02	-2.384e-02	-2.754e-02	-1.888e-03	7.443e-01	2.280e-01	3.849e-02	4.022e-02	7.297e-04	3.851e-02
11	1.437e-02	5.586e-02	1.003e-01	1.188e-01	7.600e-02	-2.474e-02	0.000e+00	-1.272e-03	7.371e-01	3.000e-01	4.233e-02	4.492e-02	7.019e-04	4.157e-02
11	2.436e-02	6.228e-02	9.613e-02	1.200e-01	1.028e-01	-2.862e-02	0.000e+00	-1.012e-02	7.690e-01	3.000e-01	4.184e-02	4.423e-02	7.716e-04	4.182e-02
11	1.493e-02	5.897e-02	8.866e-02	1.185e-01	5.444e-02	-2.245e-02	0.000e+00	-2.286e-03	7.889e-01	2.600e-01	4.063e-02	4.278e-02	6.552e-04	3.057e-02
11	1.500e-02	6.356e-02	9.678e-02	1.129e-01	4.598e-02	-3.661e-02	0.000e+00	-2.813e-03	7.808e-01	3.000e-01	4.213e-02	4.470e-02	6.911e-04	3.920e-02
11	1.287e-02	5.069e-02	9.180e-02	1.157e-01	1.030e-01	-3.197e-02	-3.337e-02	-1.008e-02	7.765e-01	2.775e-01	4.017e-02	4.227e-02	8.017e-04	4.015e-02
12	1.643e-02	6.064e-02	9.934e-02	1.141e-01	7.513e-02	-4.043e-02	-1.464e-02	-9.754e-03	7.605e-01	2.366e-01	3.896e-02	4.103e-02	7.688e-04	3.893e-02
12	1.727e-02	5.999e-02	9.231e-02	1.149e-01	7.239e-02	-2.758e-02	0.000e+00	-1.007e-02	7.437e-01	2.796e-01	4.052e-02	4.274e-02	7.066e-04	4.049e-02
12	5.000e-03	6.036e-02	8.009e-02	1.200e-01	7.476e-02	-1.251e-02	0.000e+00	0.000e+00	7.491e-01	2.540e-01	4.127e-02	4.361e-02	6.295e-04	2.591e-02
12	1.415e-02	3.683e-02	8.089e-02	1.189e-01	1.158e-01	-3.870e-02	-3.460e-02	-3.664e-03	7.283e-01	2.622e-01	4.038e-02	4.287e-02	7.675e-04	4.040e-02
12	7.333e-03	5.509e-02	9.812e-02	1.170e-01	1.111e-01	-1.123e-02	-1.681e-02	0.000e+00	7.317e-01	2.793e-01	4.158e-02	4.391e-02	7.342e-04	4.157e-02
12	2.096e-02	5.841e-02	9.472e-02	1.200e-01	8.261e-02	-3.747e-02	-1.068e-02	-7.795e-03	7.756e-01	3.000e-01	4.023e-02	4.259e-02	7.699e-04	4.027e-02
12	1.652e-02	5.767e-02	9.369e-02	1.180e-01	1.221e-01	-3.146e-02	0.000e+00	-9.780e-03	7.407e-01	2.907e-01	4.186e-02	4.446e-02	7.673e-04	4.186e-02
12	8.349e-03	5.755e-02	9.972e-02	1.155e-01	1.040e-01	-2.787e-02	-9.546e-03	-9.981e-03	7.591e-01	3.000e-01	4.196e-02	4.435e-02	7.695e-04	4.194e-02
13	1.233e-02	5.567e-02	9.706e-02	1.155e-01	6.902e-02	-2.272e-02	-1.549e-02	-4.210e-03	7.554e-01	2.674e-01	4.012e-02	4.222e-02	7.150e-04	4.012e-02
13	2.037e-02	4.813e-02	9.170e-02	1.165e-01	1.040e-01	-3.789e-02	-2.365e-02	-5.350e-03	7.449e-01	2.788e-01	3.978e-02	4.202e-02	7.824e-04	3.981e-02
13	2.070e-02	4.994e-02	9.893e-02	1.175e-01	1.056e-01	-3.997e-02	-2.777e-02	-8.041e-03	7.584e-01	2.774e-01	3.930e-02	4.155e-02	8.245e-04	3.930e-02
13	5.731e-03	5.935e-02	8.142e-02	1.200e-01	1.205e-01	-2.453e-02	0.000e+00	-7.508e-03	7.359e-01	3.000e-01	4.285e-02	4.549e-02	7.209e-04	4.283e-02
13	1.574e-02	5.729e-02	9.036e-02	1.160e-01	8.651e-02	-2.659e-02	0.000e+00	-5.348e-03	7.491e-01	2.949e-01	4.237e-02	4.476e-02	7.024e-04	4.180e-02
13	6.522e-03	5.666e-02	7.971e-02	1.200e-01	1.239e-01	-1.613e-02	0.000e+00	-4.450e-03	7.304e-01	2.893e-01	4.278e-02	4.568e-02	6.960e-04	4.086e-02
13	1.142e-02	5.081e-02	8.565e-02	1.200e-01	1.336e-01	-1.412e-02	0.000e+00	-4.003e-03	6.785e-01	3.000e-01	4.264e-02	4.558e-02	7.077e-04	4.264e-02
13	5.000e-03	5.943e-02	9.762e-02	1.200e-01	1.500e-01	-2.671e-02	0.000e+00	-5.112e-03	7.508e-01	3.000e-01	4.215e-02	4.520e-02	7.844e-04	4.224e-02
14	1.333e-02	4.718e-02	9.808e-02	1.180e-01	1.391e-01	-2.777e-02	-4.263e-03	-1.226e-03	7.195e-01	2.803e-01	4.095e-02	4.367e-02	7.552e-04	4.096e-02
14	5.189e-03	5.013e-02	7.105e-02	1.200e-01	8.912e-02	-8.467e-03	-1.226e-04	-7.781e-03	7.443e-01	3.000e-01	4.251e-02	4.493e-02	6.263e-04	2.664e-02
14	7.283e-03	6.010e-02	8.123e-02	1.156e-01	9.689e-02	-3.198e-02	0.000e+00	-6.713e-03	7.059e-01	3.000e-01	4.192e-02	4.432e-02	6.981e-04	4.040e-02
14	1.366e-02	5.625e-02	8.663e-02	1.160e-01	1.500e-01	-2.037e-02	0.000e+00	-3.583e-03	6.327e-01	2.692e-01	4.060e-02	4.373e-02	7.325e-04	4.062e-02
14	5.000e-03	5.649e-02	8.632e-02	1.200e-01	1.259e-01	-2.959e-02	0.000e+00	-4.182e-04	5.205e-01	2.997e-01	4.028e-02	4.366e-02	7.101e-04	4.031e-02
14	1.751e-02	5.473e-02	8.301e-02	1.186e-01	1.189e-01	-3.085e-02	0.000e+00	-9.185e-03	7.824e-01	3.000e-01	4.184e-02	4.471e-02	7.392e-04	4.193e-02
14	1.356e-02	5.674e-02	9.818e-02	1.200e-01	1.500e-01	-4.544e-04	-2.650e-03	-5.516e-03	6.244e-01	3.000e-01	4.246e-02	4.600e-02	7.494e-04	4.257e-02
14	5.000e-03	4.585e-02	7.037e-02	1.187e-01	1.264e-01	-2.190e-02	-8.130e-03	-3.152e-03	7.286e-01	3.000e-01	4.410e-02	4.696e-02	6.803e-04	3.905e-02
15	1.015e-02	5.128e-02	7.878e-02	1.186e-01	1.188e-01	-3.993e-02	-1.080e-02	-7.320e-03	7.408e-01	2.748e-01	4.039e-02	4.280e-02	7.449e-04	4.043e-02
15	5.444e-03	4.569e-02	8.967e-02	1.150e-01	1.094e-01	-2.862e-02	-1.055e-02	0.000e+00	7.407e-01	2.825e-01	4.205e-02	4.440e-02	7.051e-04	4.196e-02
15	1.328e-02	5.754e-02	5.639e-02	1.200e-01	1.197e-01	-3.779e-02	-1.276e-02	-7.803e-03	7.372e-01	2.960e-01	4.090e-02	4.349e-02	7.202e-04	4.091e-02
15	1.248e-02	5.965e-02	9.319e-02	1.197e-01	1.500e-01	-1.694e-02	-2.700e-03	-7.814e-03	7.649e-01	3.000e-01	4.133e-02	4.421e-02	7.800e-04	4.136e-02
15	7.454e-03	5.875e-02	9.518e-02	1.178e-01	9.055e-02	-1.442e-02	-1.051e-03	0.000e+00	7.485e-01	3.000e-01	4.477e-02	4.734e-02	6.871e-04	4.108e-02
15	8.399e-03	6.078e-02	9.827e-02	1.170e-01	1.227e-01	-2.205e-02	0.000e+00	-5.123e-03	5.583e-01	3.000e-01	4.210e-02	4.525e-02	7.389e-04	4.213e-02
15	1.789e-02	5.239e-02	9.313e-02	1.170e-01	1.500e-01	-1.833e-02	-1.235e-02	-4.587e-03	7.324e-01	2.762e-01	4.038e-02	4.324e-02	7.793e-04	4.034e-02
15	8.107e-03	5.928e-02	7.796e-02	1.200e-01	1.500e-01	-2.157e-02	0.000e+00	-2.533e-03	7.274e-01	2.955e-01	4.166e-02	4.489e-02	7.286e-04	4.166e-02
16	1.447e-02	5.070e-02	8.961e-02	1.176e-01	7.450e-02	-3.324e-02	-7.645e-04	0.000e+00	7.616e-01	2.968e-01	4.053e-02	4.291e-02	6.786e-04	3.516e-02
16	5.000e-03	5.509e-02	8.167e-02	1.167e-01	1.047e-01	-2.965e-02	-2.436e-03	-1.925e-03	7.649e-01	2.796e-01	4.233e-02	4.456e-02	6.895e-04	3.911e-02
16	9.802e-03	4.041e-02	8.502e-02	1.182e-01	1.295e-01	-1.375e-02	0.000e+00	0.000e+00	7.370e-01	2.907e-01	4.233e-02	4.507e-02	6.711e-04	3.551e-02
16	1.436e-02	5.489e-02	9.494e-02	1.143e-01	1.114e-01	-1.801e-02	-7.948e-03	-2.588e-03	5.928e-01	2.761e-01	4.137e-02	4.399e-02	7.168e-04	4.136e-02
16	1.129e-02	5.657e-02	9.204e-02	1.179e-01	1.287e-01	-2.865e-02	-1.153e-02	-3.200e-03	7.164e-01	2.914e-01	4.077e-02	4.335e-02	7.700e-04	4.079e-02
16	1.547e-02	5.716e-02	8.952e-02	1.195e-01	1.387e-01	0.000e+00	-3.102e-03	-1.860e-03	7.935e-01	3.000e-01	4.359e-02	4.636e-02	7.238e-04	4.359e-02
16	6.984e-03	5.040e-02	9.994e-02	1.191e-01	1.500e-01	-1.666e-02	-2.235e-03	-1.587e-03	5.049e-01	2.960e-01	4.117e-02	4.495e-02	7.404e-04	4.118e-02
16	6.730e-03	6.037e-02	8.838e-02	1.182e-01	1.500e-01	-2.080e-02	-5.543e-03	-5.758e-03	5.751e-01	2.815e-01	3.970e-02	4.307e-02	7.574e-04	3.971e-02
17	1.337e-02	6.246e-02	9.874e-02	1.200e-01	1.138e-01	-3.238e-02	-7.677e-03	0.000e+00	7.837e-01	3.000e-01	4.160e-02	4.419e-02	7.795e-04	4.161e-02
17	1.609e-02	6.096e-02	8.788e-02	1.193e-01	1.405e-01	-2.955e-02	-1.006e-02	-4.159e-03	8.000e-01	3.000e-01	4.214e-02	4.477e-02	7.942e-04	4.216e-02
17	1.351e-02	6.161e-02	8.730e-02	1.196e-01	1.392e-01	0.000e+00	-1.933e-04	-2.038e-04	5.152e-01	2.923e-01	4.108e-02	4.456e-02	6.969e-04	3.935e-02
17	2.411e-02	5.464e-02	8.654e-02	1.195e-01	1.286e-01	-4.613e-03	-1.715e-03	-5.064e-03	7.712e-01	2.945e-01	4.262e-02	4.528e-02	7.190e-04	4.264e-02
17	8.882e-03	5.539e-02	9.848e-02	1.158e-01	1.370e-01	-1.534e-02	-4.454e-03	0.000e+00	6.470e-01	3.000e-01	4.355e-02	4.656e-02	7.380e-04	4.358e-02
17	7.169e-03	6.009e-02	9.395e-02	1.187e-01	1.268e-01	-2.213e-02	-8.810e-03	-4.609e-04	7.503e-01	2.944e-01	4.279e-02	4.536e-02	7.550e-04	4.278e-02
17	1.248e-02	5.549e-02	8.880e-02	1.178e-01	1.272e-01	-3.265e-02	-4.202e-03	-4.720e-03	7.234e-01	2.885e-01	4.212e-02	4.470e-02	7.530e-04	4.212e-02
17	1.743e-02	5.583e-02	9.874e-02	1.185e-01	1.500e-01	-1.674e-02	-3.390e-03	-1.413e-03	5.354e-01	2.961e-01	4.000e-02	4.350e-02	7.615e-04	4.002e-02
18	1.641e-02	5.641e-02	9.861e-02	1.166e-01	1.207e-01	-2.098e-02	-1.133e-02	-4.156e-03	7.597e-01	2.880e-01	4.225e-02	4.462e-02	7.714e-04	4.224e-02
18	1.513e-02	6.030e-02	8.840e-02	1.174e-01	1.307e-01	-1.486e-02	-6.781e-03	-5.509e-03	7.783e-01	2.951e-01	4.209e-02	4.457e-02	7.525e-04	4.211e-02
18	9.977e-03	5.366e-02	7.616e-02	1.199e-01	1.271e-01	-2.249e-02	-3.985e-03	-9.164e-04	7.715e-01	2.878e-01	4.260e-02	4.520e-02	7.020e-04	4.189e-02
18	1.552e-02	5.706e-02	9.781e-02	1.185e-01	1.341e-01	-9.277e-03	-1.634e-03	-3.300e-04	7.851e-01	3.000e-01	4.271e-02	4.528e-02	7.404e-04	4.272e-02
18	5.000e-03	6.031e-02	9.647e-02	1.172e-01	1.047e-01	-1.561e-02	-1.867e-03	0.000e+00	7.472e-01	2.894e-01	4.303e-02	4.548e-02	7.046e-04	4.278e-02
18	1.511e-02	5.295e-02	9.009e-02	1.200e-01	1.460e-01	-9.639e-03	-2.183e-03	0.000e+00	7.321e-01	3.000e-01	4.207e-02	4.527e-02	7.293e-04	4.221e-02
18	1.481e-02	5.748e-02	9.707e-02	1.173e-01	1.468e-01	-1.992e-02	-5.452e-03	0.000e+00	7.314e-01	2.985e-01	4.240e-02	4.528e-02	7.721e-04	4.241e-02
18	1.104e-02	6.088e-02	9.525e-02	1.191e-01	1.279e-01	-2.456e-02	-9.252e-03	-3.018e-03	6.927e-01	2.925e-01	4.283e-02	4.557e-02	7.725e-04	4.284e-02
19	9.644e-03	6.306e-02	9.872e-02	1.200e-01	1.207e-01	-1.041e-02	0.000e+00	0.000e+00	7.350e-01	2.842e-01	4.272e-02	4.522e-02	7.281e-04	4.272e-02
19	1.005e-02	5.746e-02	1.003e-01	1.174e-01	1.088e-01	-1.931e-02	-7.516e-03	0.000e+00	7.372e-01	2.957e-01	4.283e-02	4.597e-02	7.378e-04	4.286e-02
19	5.000e-03	5.875e-02	9.373e-02	1.171e-01	1.094e-01	-1.698e-02	-1.130e-02	0.000e+00	5.917e-01	2.943e-01	4.161e-02	4.452e-02	7.171e-04	4.162e-02
19	5.000e-03	6.826e-02	9.761e-02	1.182e-01	1.301e-01	-5.439e-03	-9.000e-03	-4.380e-03	7.460e-01	2.918e-01	4.286e-02	4.545e-02	7.610e-04	4.282e-02
19	1.384e-02	5.928e-02	9.480e-02	1.196e-01	1.406e-01	-2.499e-02	-4.584e-03	-3.835e-03	7.559e-01	2.877e-01	4.159e-02	4.449e-02	7.803e-04	4.158e-02
19	1.278e-02	5.860e-02	9.760e-02	1.164e-01	1.201e-01	-1.557e-02	-6.358e-04	-1.810e-03	5.594e-01	2.931e-01	4.117e-02	4.414e-02	7.174e-04	4.117e-02
19	9.691e-03	5.926e-02	9.006e-02	1.200e-01	1.500e-01	-9.926e-03	-4.731e-03	0.000e+00	7.563e-01	2.911e-01	4.240e-02	4.562e-02	7.456e-04	4.260e-02
19	5.000e-03	5.985e-02	8.358e-02	1.192e-01	1.303e-01	-3.234e-02	-6.542e-03	-1.234e-04	7.389e-01	2.935e-01	4.204e-02	4.484e-02	7.441e-04	4.209e-02
20	9.943e-03	5.679e-02	9.940e-02	1.186e-01	1.197e-01	0.000e+00	-9.129e-03	-2.023e-03	7.565e-01	2.924e-01	4.316e-02	4.576e-02	7.280e-04	4.320e-02
20	1.156e-02	5.735e-02	9.885e-02	1.196e-01	1.165e-01	-1.041e-02	-3.001e-03	-2.338e-03	7.662e-01	2.900e-01	4.411e-02	4.666e-02	7.303e-04	4.409e-02
20	9.053e-03	5.515e-02	9.814e-02	1.196e-01	1.198e-01	-1.580e-02	0.000e+00	-2.353e-03	7.371e-01	2.851e-01	4.282e-02	4.606e-02	7.242e-04	4.297e-02
20	7.134e-03	7.000e-02	9.829e-02	1.168e-01	1.088e-01	-1.947e-02	-4.850e-03	0.000e+00	7.439e-01	2.916e-01	4.273e-02	4.509e-02	7.466e-04	4.270e-02
20	8.902e-03	6.828e-02	1.009e-01	1.200e-01	1.239e-01	-1.528e-02	-1.055e-02	-2.288e-03	7.279e-01	2.884e-01	4.167e-02	4.419e-02	7.804e-04	4.166e-02
20	1.007e-02	6.054e-02	9.903e-02	1.191e-01	1.214e-01	-1.227e-02	-4.304e-04	-9.845e-04	7.194e-01	2.937e-01	4.320e-02	4.642e-02	7.301e-04	4.342e-02
20	1.080e-02	6.268e-02	9.900e-02	1.200e-01	1.219e-01	-1.463e-02	-4.230e-03	-2.518e-03	7.536e-01	2.987e-01	4.279e-02	4.548e-02	7.563e-04	4.273e-02
20	5.000e-03	7.000e-02	1.015e-01	1.200e-01	1.352e-01	-7.147e-03	-5.389e-03	-1.060e-03	7.460e-01	2.961e-01	4.385e-02	4.654e-02	7.684e-04	4.387e-02
21	5.000e-03	5.753e-02	1.005e-01	1.192e-01	1.438e-01	-2.034e-02	-6.342e-05	-2.011e-03	7.315e-01	2.867e-01	4.190e-02	4.469e-02	7.607e-04	4.189e-02
21	5.000e-03	6.190e-02	1.005e-01	1.178e-01	9.836e-02	-1.646e-02	-1.676e-03	-1.747e-03	7.351e-01	2.816e-01	4.246e-02	4.486e-02	7.148e-04	4.249e-02
21	1.002e-02	5.573e-02	9.899e-02	1.200e-01	1.478e-01	0.000e+00	-1.926e-03	-2.323e-03	7.775e-01	2.962e-01	4.336e-02	4.628e-02	7.418e-04	4.331e-02
21	7.916e-03	7.000e-02	9.958e-02	1.189e-01	1.225e-01	-1.600e-02	-4.232e-04	-5.683e-03	7.496e-01	2.882e-01	4.340e-02	4.605e-02	7.637e-04	4.342e-02
21	1.290e-02	5.481e-02	1.008e-01	1.185e-01	1.147e-01	-4.117e-03	-2.440e-03	-1.903e-03	7.760e-01	2.997e-01	4.328e-02	4.628e-02	7.168e-04	4.331e-02
21	1.676e-02	6.610e-02	9.894e-02	1.199e-01	1.110e-01	-1.241e-02	-3.148e-03	-1.326e-03	7.440e-01	2.944e-01	4.318e-02	4.570e-02	7.471e-04	4.317e-02
21	5.368e-03	6.515e-02	1.001e-01	1.200e-01	1.185e-01	-8.530e-03	-2.214e-03	-3.496e-03	7.655e-01	2.905e-01	4.284e-02	4.528e-02	7.412e-04	4.283e-02
21	5.000e-03	5.472e-02	1.000e-01	1.193e-01	1.346e-01	-6.443e-03	-3.065e-03	0.000e+00	7.309e-01	2.923e-01	4.349e-02	4.630e-02	7.277e-04	4.348e-02
22	1.044e-02	6.805e-02	1.033e-01	1.200e-01	1.394e-01	-1.267e-02	-1.154e-03	-1.779e-03	7.444e-01	2.969e-01	4.367e-02	4.640e-02	7.794e-04	4.367e-02
22	1.199e-02	6.150e-02	1.015e-01	1.183e-01	1.500e-01	-3.074e-03	-4.005e-03	-4.423e-03	8.000e-01	2.908e-01	4.291e-02	4.558e-02	7.736e-04	4.290e-02
22	7.620e-03	5.581e-02	1.005e-01	1.178e-01	1.181e-01	-3.921e-03	-4.898e-03	-2.927e-03	7.506e-01	2.901e-01	4.406e-02	4.658e-02	7.201e-04	4.407e-02
22	6.062e-03	6.219e-02	1.006e-01	1.193e-01	1.099e-01	-1.949e-03	-7.329e-04	0.000e+00	7.168e-01	2.902e-01	4.349e-02	4.609e-02	7.031e-04	4.296e-02
22	5.195e-03	5.602e-02	1.005e-01	1.195e-01	1.151e-01	-6.880e-03	-1.034e-03	-1.609e-03	7.454e-01	2.901e-01	4.417e-02	4.676e-02	7.111e-04	4.419e-02
22	1.367e-02	6.317e-02	9.802e-02	1.194e-01	1.500e-01	-7.773e-03	-7.026e-03	-3.208e-03	7.653e-01	2.958e-01	4.466e-02	4.756e-02	7.825e-04	4.464e-02
22	1.023e-02	5.434e-02	1.026e-01	1.171e-01	1.313e-01	-2.699e-03	-5.194e-03	-1.375e-03	6.094e-01	2.976e-01	4.326e-02	4.634e-02	7.257e-04	4.329e-02
22	7.544e-03	5.576e-02	9.831e-02	1.197e-01	1.343e-01	0.000e+00	-7.651e-03	-1.635e-03	7.724e-01	2.997e-01	4.408e-02	4.692e-02	7.357e-04	4.404e-02
23	1.130e-02	6.271e-02	1.011e-01	1.200e-01	1.451e-01	0.000e+00	-5.884e-03	-3.837e-03	7.691e-01	2.937e-01	4.211e-02	4.477e-02	7.694e-04	4.209e-02
23	1.455e-02	5.559e-02	1.001e-01	1.184e-01	1.259e-01	-5.216e-03	-7.826e-03	-1.258e-03	7.677e-01	2.922e-01	4.263e-02	4.525e-02	7.418e-04	4.264e-02
23	1.380e-02	6.268e-02	9.914e-02	1.178e-01	1.441e-01	-2.290e-03	-1.192e-02	-2.022e-03	7.787e-01	2.888e-01	4.367e-02	4.641e-02	7.770e-04	4.365e-02
23	1.657e-02	5.766e-02	9.985e-02	1.178e-01	1.373e-01	-5.772e-03	-8.676e-03	-2.775e-03	7.616e-01	2.977e-01	4.237e-02	4.500e-02	7.638e-04	4.238e-02
23	1.655e-02	6.310e-02	9.485e-02	1.200e-01	1.096e-01	-1.706e-02	-4.810e-03	-6.075e-03	7.885e-01	2.955e-01	4.227e-02	4.461e-02	7.551e-04	4.225e-02
23	5.000e-03	6.346e-02	8.790e-02	1.186e-01	1.192e-01	-1.859e-02	-5.941e-03	-1.336e-03	7.923e-01	3.000e-01	4.306e-02	4.544e-02	7.316e-04	4.306e-02
23	5.000e-03	6.106e-02	1.008e-01	1.197e-01	1.406e-01	-1.318e-02	-1.190e-02	-3.053e-03	7.363e-01	2.885e-01	4.189e-02	4.469e-02	7.840e-04	4.186e-02
23	1.005e-02	5.490e-02	1.002e-01	1.187e-01	1.320e-01	-2.704e-03	-4.229e-03	-1.869e-03	7.441e-01	2.928e-01	4.388e-02	4.655e-02	7.312e-04	4.390e-02
24	5.000e-03	6.291e-02	1.001e-01	1.158e-01	1.402e-01	-4.422e-03	-9.929e-03	-2.496e-05	7.688e-01	2.859e-01	4.396e-02	4.655e-02	7.552e-04	4.396e-02
24	1.088e-02	6.385e-02	9.663e-02	1.187e-01	1.244e-01	-1.180e-02	-5.477e-03	-1.836e-03	7.924e-01	2.993e-01	4.375e-02	4.639e-02	7.523e-04	4.381e-02
24	1.644e-02	6.360e-02	9.455e-02	1.175e-01	1.476e-01	0.000e+00	-1.251e-02	-3.901e-03	7.563e-01	2.997e-01	4.256e-02	4.532e-02	7.760e-04	4.254e-02
24	9.868e-03	6.136e-02	9.929e-02	1.187e-01	1.207e-01	0.000e+00	-2.805e-03	-1.837e-03	6.986e-01	2.890e-01	4.333e-02	4.596e-02	7.181e-04	4.332e-02
24	1.217e-02	5.934e-02	9.457e-02	1.185e-01	1.143e-01	-3.419e-03	-8.613e-03	-2.562e-03	7.627e-01	2.884e-01	4.317e-02	4.556e-02	7.227e-04	4.315e-02
24	1.054e-02	6.937e-02	9.963e-02	1.180e-01	1.194e-01	-1.745e-03	-9.095e-03	-3.815e-03	7.926e-01	2.943e-01	4.339e-02	4.588e-02	7.583e-04	4.335e-02
24	1.183e-02	6.052e-02	1.008e-01	1.184e-01	1.459e-01	-1.224e-03	-7.435e-03	-3.160e-03	7.664e-01	2.883e-01	4.314e-02	4.592e-02	7.668e-04	4.312e-02
24	1.017e-02	5.764e-02	9.914e-02	1.189e-01	1.343e-01	-1.039e-03	0.000e+00	-2.277e-03	7.389e-01	2.907e-01	4.405e-02	4.679e-02	7.243e-04	4.406e-02
25	8.403e-03	5.521e-02	9.778e-02	1.167e-01	1.308e-01	-5.643e-03	0.000e+00	-1.073e-03	7.546e-01	3.000e-01	4.466e-02	4.740e-02	7.150e-04	4.467e-02
25	1.021e-02	5.159e-02	9.898e-02	1.165e-01	1.361e-01	-9.076e-04	0.000e+00	-3.353e-03	7.518e-01	2.847e-01	4.305e-02	4.575e-02	7.127e-04	4.309e-02
25	9.452e-03	5.477e-02	1.005e-01	1.179e-01	1.369e-01	0.000e+00	-3.165e-03	-3.567e-04	7.968e-01	2.940e-01	4.282e-02	4.541e-02	7.286e-04	4.281e-02
25	6.905e-03	5.691e-02	9.840e-02	1.181e-01	1.331e-01	-9.606e-03	-5.750e-03	-1.258e-03	7.714e-01	2.913e-01	4.272e-02	4.529e-02	7.416e-04	4.272e-02
25	5.000e-03	6.513e-02	1.023e-01	1.158e-01	1.187e-01	-8.785e-03	0.000e+00	-1.681e-03	6.871e-01	2.876e-01	4.290e-02	4.637e-02	7.231e-04	4.284e-02
25	1.418e-02	6.273e-02	9.854e-02	1.179e-01	1.459e-01	0.000e+00	0.000e+00	-2.357e-04	7.633e-01	2.974e-01	4.367e-02	4.642e-02	7.424e-04	4.365e-02
25	1.060e-02	5.456e-02	9.792e-02	1.177e-01	1.321e-01	0.000e+00	-7.663e-03	-2.543e-03	8.000e-01	2.909e-01	4.291e-02	4.542e-02	7.322e-04	4.292e-02
25	1.609e-02	5.963e-02	1.007e-01	1.182e-01	1.134e-01	-7.940e-03	-1.039e-02	-2.901e-03	7.690e-01	2.884e-01	4.422e-02	4.663e-02	7.514e-04	4.421e-02
26	6.378e-03	5.819e-02	9.868e-02	1.171e-01	1.375e-01	-3.741e-03	-3.463e-03	-2.635e-04	7.694e-01	2.866e-01	4.309e-02	4.565e-02	7.294e-04	4.309e-02
26	1.426e-02	6.208e-02	9.698e-02	1.168e-01	1.058e-01	-1.151e-02	-1.274e-03	-7.005e-04	7.819e-01	2.985e-01	4.419e-02	4.666e-02	7.173e-04	4.418e-02
26	1.602e-02	5.380e-02	9.905e-02	1.186e-01	1.500e-01	-2.553e-03	-3.886e-03	-1.755e-03	7.353e-01	2.904e-01	4.232e-02	4.527e-02	7.492e-04	4.236e-02
26	1.770e-02	5.993e-02	9.793e-02	1.172e-01	1.202e-01	-1.020e-02	-5.019e-03	-2.731e-03	7.786e-01	2.999e-01	4.349e-02	4.595e-02	7.472e-04	4.349e-02
26	1.352e-02	5.370e-02	9.897e-02	1.193e-01	1.334e-01	-6.531e-03	-3.731e-03	-2.333e-03	7.698e-01	2.984e-01	4.221e-02	4.481e-02	7.402e-04	4.223e-02
26	1.443e-02	5.571e-02	9.967e-02	1.185e-01	1.316e-01	-4.332e-03	-3.973e-03	-2.297e-03	7.335e-01	2.972e-01	4.328e-02	4.605e-02	7.371e-04	4.327e-02
26	7.333e-03	5.887e-02	1.004e-01	1.161e-01	1.165e-01	-8.781e-03	-3.156e-03	0.000e+00	7.578e-01	2.951e-01	4.445e-02	4.702e-02	7.196e-04	4.445e-02
26	6.989e-03	5.873e-02	1.009e-01	1.177e-01	1.206e-01	-6.917e-03	-4.591e-03	-3.096e-03	7.526e-01	2.970e-01	4.518e-02	4.793e-02	7.323e-04	4.519e-02
27	1.375e-02	5.721e-02	9.475e-02	1.178e-01	1.355e-01	-9.839e-03	-4.180e-03	-2.069e-03	7.733e-01	2.976e-01	4.271e-02	4.531e-02	7.431e-04	4.274e-02
27	8.759e-03	5.907e-02	1.004e-01	1.160e-01	1.163e-01	-9.548e-03	-1.197e-02	-1.772e-03	7.771e-01	2.965e-01	4.401e-02	4.646e-02	7.463e-04	4.400e-02
27	1.245e-02	5.748e-02	9.756e-02	1.180e-01	1.201e-01	-7.603e-03	0.000e+00	-1.131e-03	7.549e-01	3.000e-01	4.333e-02	4.589e-02	7.167e-04	4.333e-02
27	1.766e-02	5.759e-02	9.825e-02	1.173e-01	1.148e-01	-1.188e-02	-1.119e-03	-1.685e-03	7.454e-01	2.893e-01	4.293e-02	4.534e-02	7.249e-04	4.293e-02
27	1.318e-02	6.552e-02	9.777e-02	1.171e-01	1.341e-01	-7.653e-03	-4.357e-04	-3.328e-03	7.733e-01	2.992e-01	4.431e-02	4.692e-02	7.521e-04	4.431e-02
27	1.620e-02	5.333e-02	9.792e-02	1.164e-01	1.081e-01	-1.062e-02	-2.215e-03	-2.052e-03	7.529e-01	2.986e-01	4.405e-02	4.655e-02	7.092e-04	4.404e-02
27	1.027e-02	6.343e-02	9.926e-02	1.177e-01	1.209e-01	-1.397e-02	-4.464e-03	-1.453e-03	7.673e-01	2.922e-01	4.299e-02	4.544e-02	7.480e-04	4.300e-02
27	8.677e-03	6.214e-02	1.021e-01	1.177e-01	1.259e-01	-7.284e-03	-1.778e-03	-3.298e-03	7.544e-01	2.968e-01	4.319e-02	4.572e-02	7.443e-04	4.319e-02
28	1.437e-02	5.535e-02	9.928e-02	1.147e-01	1.069e-01	-8.762e-03	-1.165e-02	-2.336e-03	7.681e-01	2.952e-01	4.528e-02	4.779e-02	7.307e-04	4.529e-02
28	1.429e-02	5.822e-02	9.881e-02	1.181e-01	1.230e-01	-8.943e-03	-4.388e-03	-4.121e-03	7.674e-01	2.927e-01	4.280e-02	4.534e-02	7.431e-04	4.276e-02
28	1.236e-02	6.537e-02	8.974e-02	1.175e-01	1.161e-01	-9.846e-03	-3.987e-03	-4.262e-03	7.894e-01	2.957e-01	4.390e-02	4.624e-02	7.294e-04	4.390e-02
28	1.505e-02	5.900e-02	1.001e-01	1.162e-01	1.154e-01	-1.124e-02	-1.004e-02	-3.948e-03	7.648e-01	2.968e-01	4.309e-02	4.552e-02	7.533e-04	4.308e-02
28	6.688e-03	5.694e-02	9.999e-02	1.181e-01	1.045e-01	-1.417e-02	-3.447e-03	-3.030e-03	7.656e-01	3.000e-01	4.243e-02	4.516e-02	7.221e-04	4.251e-02
28	1.721e-02	6.244e-02	9.975e-02	1.167e-01	9.967e-02	-1.239e-02	-6.732e-03	-2.795e-03	7.907e-01	2.977e-01	4.280e-02	4.517e-02	7.390e-04	4.282e-02
28	9.802e-03	5.862e-02	9.913e-02	1.153e-01	1.216e-01	-6.645e-03	-8.027e-03	-8.871e-04	7.961e-01	2.947e-01	4.422e-02	4.661e-02	7.347e-04	4.421e-02
28	6.276e-03	6.685e-02	9.835e-02	1.178e-01	1.399e-01	-9.546e-03	0.000e+00	-1.911e-03	7.656e-01	3.000e-01	4.299e-02	4.571e-02	7.543e-04	4.296e-02
29	1.576e-02	5.990e-02	8.899e-02	1.166e-01	1.087e-01	-1.319e-02	-8.328e-03	-3.237e-03	7.943e-01	2.971e-01	4.285e-02	4.523e-02	7.261e-04	4.286e-02
29	1.597e-02	5.698e-02	9.789e-02	1.142e-01	1.091e-01	-1.147e-02	-1.451e-02	-3.187e-03	7.679e-01	2.948e-01	4.313e-02	4.555e-02	7.460e-04	4.315e-02
29	1.239e-02	5.325e-02	9.765e-02	1.171e-01	1.069e-01	-1.197e-02	-1.301e-02	-1.595e-03	7.727e-01	2.945e-01	4.295e-02	4.534e-02	7.323e-04	4.293e-02
29	1.255e-02	6.160e-02	9.942e-02	1.144e-01	1.030e-01	-9.874e-03	-1.722e-02	-3.398e-03	7.740e-01	2.992e-01	4.273e-02	4.517e-02	7.538e-04	4.274e-02
29	1.253e-02	5.776e-02	9.408e-02	1.139e-01	1.084e-01	-8.933e-03	-1.364e-02	-3.128e-03	7.857e-01	2.947e-01	4.360e-02	4.592e-02	7.291e-04	4.361e-02
29	1.080e-02	6.303e-02	1.001e-01	1.158e-01	1.096e-01	-9.641e-03	-1.368e-02	-2.540e-03	7.770e-01	2.962e-01	4.349e-02	4.583e-02	7.529e-04	4.349e-02
29	1.103e-02	6.157e-02	9.421e-02	1.153e-01	1.236e-01	-8.223e-03	-3.979e-03	-2.716e-03	7.720e-01	3.000e-01	4.387e-02	4.637e-02	7.282e-04	4.389e-02
29	1.346e-02	6.114e-02	9.892e-02	1.170e-01	1.257e-01	-5.880e-03	-9.345e-03	-3.032e-03	7.801e-01	2.961e-01	4.378e-02	4.626e-02	7.558e-04	4.379e-02
30	1.365e-02	6.717e-02	9.856e-02	1.160e-01	1.222e-01	-7.975e-03	-1.009e-02	-4.003e-03	7.863e-01	2.937e-01	4.347e-02	4.581e-02	7.662e-04	4.345e-02
30	1.562e-02	5.753e-02	9.804e-02	1.163e-01	1.136e-01	-9.864e-03	-1.213e-02	-3.628e-03	7.845e-01	3.000e-01	4.419e-02	4.680e-02	7.495e-04	4.436e-02
30	9.828e-03	6.182e-02	9.770e-02	1.150e-01	1.222e-01	-8.038e-03	-1.155e-02	-4.293e-03	7.823e-01	3.000e-01	4.382e-02	4.623e-02	7.542e-04	4.381e-02
30	7.827e-03	5.307e-02	9.911e-02	1.112e-01	1.049e-01	-7.063e-03	-1.641e-02	-9.935e-04	7.880e-01	2.970e-01	4.351e-02	4.582e-02	7.189e-04	4.353e-02
30	1.399e-02	5.600e-02	8.685e-02	1.150e-01	1.183e-01	-7.397e-03	-1.103e-02	-3.418e-03	7.999e-01	3.000e-01	4.361e-02	4.591e-02	7.177e-04	4.359e-02
30	1.102e-02	5.858e-02	9.872e-02	1.147e-01	1.111e-01	-7.456e-03	-1.150e-02	-1.775e-03	7.799e-01	2.965e-01	4.265e-02	4.508e-02	7.340e-04	4.264e-02
30	1.206e-02	5.674e-02	9.813e-02	1.170e-01	1.113e-01	-6.544e-03	-1.049e-02	-3.983e-03	7.646e-01	2.927e-01	4.427e-02	4.673e-02	7.327e-04	4.425e-02
30	1.255e-02	6.299e-02	8.231e-02	1.164e-01	1.408e-01	-8.306e-03	-8.106e-03	-2.913e-03	7.754e-01	2.950e-01	4.230e-02	4.492e-02	7.354e-04	4.231e-02
31	1.019e-02	6.023e-02	9.940e-02	1.141e-01	1.017e-01	-7.943e-03	-1.649e-02	-6.129e-03	7.745e-01	2.938e-01	4.307e-02	4.541e-02	7.468e-04	4.308e-02
31	8.454e-03	5.512e-02	9.540e-02	1.141e-01	1.152e-01	-9.535e-03	-1.946e-02	-3.792e-03	7.651e-01	2.974e-01	4.308e-02	4.544e-02	7.454e-04	4.306e-02
31	1.717e-02	5.457e-02	9.836e-02	1.184e-01	1.094e-01	-7.132e-03	-1.612e-02	-3.417e-03	7.958e-01	2.952e-01	4.317e-02	4.555e-02	7.512e-04	4.316e-02
31	1.022e-02	5.619e-02	9.254e-02	1.156e-01	1.153e-01	-9.060e-03	-1.513e-02	-4.195e-03	7.701e-01	2.942e-01	4.297e-02	4.531e-02	7.360e-04	4.296e-02
31	1.245e-02	6.727e-02	9.332e-02	1.175e-01	1.165e-01	-9.686e-03	-1.265e-02	-4.084e-03	7.721e-01	3.000e-01	4.343e-02	4.584e-02	7.595e-04	4.341e-02
31	1.604e-02	5.647e-02	9.831e-02	1.165e-01	1.065e-01	-1.086e-02	-1.093e-02	-3.534e-03	7.789e-01	2.962e-01	4.305e-02	4.542e-02	7.407e-04	4.305e-02
31	1.640e-02	5.246e-02	9.816e-02	1.168e-01	1.225e-01	-6.041e-03	-1.286e-02	-3.791e-03	7.900e-01	2.978e-01	4.335e-02	4.579e-02	7.475e-04	4.335e-02
31	1.630e-02	5.620e-02	9.916e-02	1.154e-01	1.079e-01	-7.435e-03	-1.342e-02	-5.367e-03	7.687e-01	2.909e-01	4.318e-02	4.556e-02	7.439e-04	4.319e-02
32	1.418e-02	5.537e-02	9.770e-02	1.171e-01	1.166e-01	-6.426e-03	-1.872e-02	-5.482e-03	7.785e-01	2.959e-01	4.297e-02	4.537e-02	7.629e-04	4.295e-02
32	1.537e-02	5.879e-02	9.776e-02	1.171e-01	1.229e-01	-7.002e-03	-2.116e-02	-4.611e-03	7.714e-01	2.926e-01	4.235e-02	4.475e-02	7.790e-04	4.236e-02
32	1.149e-02	6.674e-02	9.722e-02	1.164e-01	1.128e-01	-1.010e-02	-7.052e-03	-3.200e-03	7.737e-01	2.945e-01	4.376e-02	4.617e-02	7.465e-04	4.376e-02
32	1.271e-02	6.684e-02	8.552e-02	1.167e-01	1.288e-01	-8.559e-03	-1.290e-02	-3.975e-03	8.000e-01	3.000e-01	4.376e-02	4.630e-02	7.538e-04	4.370e-02
32	1.312e-02	5.836e-02	9.771e-02	1.165e-01	1.190e-01	-7.126e-03	-1.812e-02	-2.819e-03	8.000e-01	2.967e-01	4.316e-02	4.563e-02	7.618e-04	4.312e-02
32	2.001e-02	5.147e-02	9.289e-02	1.181e-01	1.265e-01	-6.809e-03	-1.103e-02	-5.389e-03	7.755e-01	2.998e-01	4.277e-02	4.532e-02	7.444e-04	4.277e-02
32	1.441e-02	5.512e-02	9.829e-02	1.183e-01	1.174e-01	-6.202e-03	-1.102e-02	-2.785e-03	7.840e-01	2.990e-01	4.418e-02	4.671e-02	7.417e-04	4.417e-02
32	1.245e-02	6.161e-02	1.002e-01	1.163e-01	1.102e-01	-1.159e-02	-1.166e-02	-2.875e-03	7.749e-01	2.974e-01	4.209e-02	4.442e-02	7.534e-04	4.208e-02
33	1.042e-02	6.947e-02	9.174e-02	1.200e-01	1.226e-01	-8.923e-03	-4.656e-03	-4.291e-03	7.834e-01	3.000e-01	4.344e-02	4.590e-02	7.500e-04	4.343e-02
33	1.096e-02	5.435e-02	9.432e-02	1.172e-01	1.287e-01	-5.706e-03	-7.920e-03	-1.845e-03	7.942e-01	2.977e-01	4.345e-02	4.601e-02	7.298e-04	4.346e-02
33	1.515e-02	6.408e-02	9.299e-02	1.160e-01	1.136e-01	-6.179e-03	-9.023e-03	-4.463e-03	7.814e-01	2.975e-01	4.331e-02	4.565e-02	7.379e-04	4.329e-02
33	1.130e-02	6.590e-02	9.779e-02	1.168e-01	1.188e-01	-9.716e-03	-8.311e-03	-2.379e-03	7.815e-01	3.000e-01	4.410e-02	4.653e-02	7.539e-04	4.409e-02
33	1.637e-02	5.776e-02	9.144e-02	1.170e-01	1.134e-01	-6.905e-03	-1.410e-02	-3.750e-03	8.000e-01	2.992e-01	4.383e-02	4.617e-02	7.384e-04	4.382e-02
33	1.353e-02	5.599e-02	9.399e-02	1.174e-01	1.285e-01	-8.530e-03	-1.018e-02	-2.767e-03	7.813e-01	2.989e-01	4.444e-02	4.701e-02	7.449e-04	4.444e-02
33	1.926e-02	5.452e-02	8.613e-02	1.178e-01	1.212e-01	-6.493e-03	-3.868e-03	-4.073e-03	7.921e-01	2.997e-01	4.307e-02	4.550e-02	7.100e-04	4.309e-02
33	1.218e-02	6.658e-02	9.361e-02	1.175e-01	1.193e-01	-1.156e-02	-1.023e-02	-3.592e-03	7.855e-01	2.983e-01	4.408e-02	4.655e-02	7.585e-04	4.410e-02
34	1.521e-02	6.833e-02	8.567e-02	1.178e-01	1.115e-01	-1.133e-02	-8.225e-03	-2.902e-03	7.974e-01	2.991e-01	4.460e-02	4.704e-02	7.340e-04	4.460e-02
34	1.230e-02	5.877e-02	9.960e-02	1.173e-01	1.146e-01	-9.684e-03	-1.134e-02	-3.566e-03	7.788e-01	2.950e-01	4.482e-02	4.730e-02	7.526e-04	4.481e-02
34	1.433e-02	6.579e-02	9.511e-02	1.159e-01	1.047e-01	-1.328e-02	-1.319e-02	-4.126e-03	7.897e-01	2.977e-01	4.337e-02	4.569e-02	7.545e-04	4.342e-02
34	1.211e-02	6.456e-02	9.774e-02	1.164e-01	1.220e-01	-1.011e-02	-1.689e-02	-2.136e-03	7.965e-01	2.965e-01	4.397e-02	4.636e-02	7.755e-04	4.395e-02
34	1.242e-02	5.628e-02	9.670e-02	1.181e-01	1.397e-01	-5.819e-03	-4.831e-03	-1.884e-03	7.796e-01	3.000e-01	4.289e-02	4.563e-02	7.458e-04	4.296e-02
34	1.324e-02	5.977e-02	9.662e-02	1.161e-01	1.314e-01	-1.136e-02	-1.406e-02	-2.996e-03	7.804e-01	2.988e-01	4.284e-02	4.538e-02	7.715e-04	4.284e-02
34	1.221e-02	5.468e-02	9.562e-02	1.163e-01	1.206e-01	-7.103e-03	-9.632e-03	-2.664e-03	7.690e-01	2.961e-01	4.349e-02	4.597e-02	7.298e-04	4.352e-02
34	1.444e-02	5.742e-02	9.872e-02	1.176e-01	1.243e-01	-7.510e-03	-1.459e-02	-2.960e-03	8.000e-01	2.973e-01	4.260e-02	4.499e-02	7.638e-04	4.260e-02
35	1.411e-02	6.612e-02	9.144e-02	1.174e-01	1.060e-01	-9.103e-03	-1.025e-02	-3.647e-03	8.000e-01	2.982e-01	4.305e-02	4.532e-02	7.377e-04	4.307e-02
35	1.341e-02	5.693e-02	8.196e-02	1.178e-01	1.222e-01	-1.233e-02	-1.055e-02	-2.246e-03	7.864e-01	2.971e-01	4.337e-02	4.588e-02	7.197e-04	4.338e-02
35	1.465e-02	5.814e-02	9.848e-02	1.174e-01	1.110e-01	-9.402e-03	-1.457e-02	-2.845e-03	7.760e-01	2.946e-01	4.375e-02	4.616e-02	7.509e-04	4.374e-02
35	1.470e-02	5.718e-02	9.142e-02	1.160e-01	9.590e-02	-1.213e-02	-1.678e-02	-3.004e-03	7.998e-01	2.941e-01	4.249e-02	4.464e-02	7.273e-04	4.247e-02
35	1.703e-02	6.373e-02	9.221e-02	1.185e-01	1.084e-01	-8.495e-03	-9.274e-03	-3.403e-03	7.882e-01	2.948e-01	4.279e-02	4.509e-02	7.385e-04	4.280e-02
35	1.514e-02	6.280e-02	9.513e-02	1.172e-01	1.115e-01	-1.057e-02	-7.468e-03	-2.753e-03	7.884e-01	2.979e-01	4.417e-02	4.654e-02	7.404e-04	4.417e-02
35	1.289e-02	6.212e-02	9.526e-02	1.171e-01	1.328e-01	-8.744e-03	-6.668e-03	-2.429e-03	7.827e-01	3.000e-01	4.367e-02	4.620e-02	7.527e-04	4.366e-02
35	1.327e-02	7.000e-02	1.011e-01	1.173e-01	1.143e-01	-1.049e-02	-7.898e-03	-2.973e-03	7.738e-01	2.953e-01	4.324e-02	4.581e-02	7.673e-04	4.323e-02
36	1.353e-02	6.364e-02	9.895e-02	1.167e-01	1.113e-01	-1.110e-02	-8.137e-03	-2.787e-03	7.877e-01	2.976e-01	4.385e-02	4.620e-02	7.483e-04	4.383e-02
36	1.565e-02	7.000e-02	9.848e-02	1.180e-01	1.068e-01	-1.019e-02	-5.786e-03	-3.712e-03	7.848e-01	2.968e-01	4.353e-02	4.588e-02	7.534e-04	4.351e-02
36	1.510e-02	5.805e-02	9.585e-02	1.169e-01	1.214e-01	-8.795e-03	-1.128e-02	-4.365e-03	7.859e-01	2.987e-01	4.354e-02	4.603e-02	7.523e-04	4.351e-02
36	9.394e-03	6.471e-02	9.942e-02	1.170e-01	1.148e-01	-1.134e-02	-9.173e-03	-2.374e-03	7.775e-01	2.964e-01	4.279e-02	4.524e-02	7.523e-04	4.275e-02
36	1.226e-02	6.907e-02	8.850e-02	1.164e-01	1.148e-01	-1.502e-02	-7.145e-03	-2.999e-03	7.795e-01	2.980e-01	4.321e-02	4.548e-02	7.429e-04	4.319e-02
36	1.234e-02	5.708e-02	9.764e-02	1.181e-01	1.299e-01	-5.955e-03	-5.926e-03	-2.261e-03	7.787e-01	2.982e-01	4.375e-02	4.632e-02	7.422e-04	4.374e-02
36	1.412e-02	6.188e-02	9.414e-02	1.170e-01	1.154e-01	-1.096e-02	-4.965e-03	-2.675e-03	7.847e-01	2.992e-01	4.358e-02	4.594e-02	7.329e-04	4.356e-02
36	1.272e-02	5.367e-02	9.894e-02	1.173e-01	1.177e-01	-8.782e-03	-1.018e-02	-1.679e-03	7.886e-01	2.961e-01	4.299e-02	4.539e-02	7.376e-04	4.297e-02
37	1.301e-02	6.869e-02	9.769e-02	1.173e-01	1.178e-01	-9.528e-03	-1.231e-02	-1.478e-03	7.989e-01	2.963e-01	4.305e-02	4.539e-02	7.673e-04	4.301e-02
37	1.808e-02	6.315e-02	9.045e-02	1.179e-01	1.143e-01	-9.628e-03	-8.105e-03	-2.523e-03	7.951e-01	3.000e-01	4.283e-02	4.513e-02	7.382e-04	4.281e-02
37	1.172e-02	6.321e-02	9.877e-02	1.164e-01	1.165e-01	-1.111e-02	-1.169e-02	-1.415e-03	7.867e-01	2.954e-01	4.307e-02	4.541e-02	7.551e-04	4.304e-02
37	1.191e-02	5.830e-02	9.858e-02	1.182e-01	1.226e-01	-7.721e-03	-4.299e-03	-3.515e-03	7.802e-01	2.996e-01	4.390e-02	4.640e-02	7.402e-04	4.391e-02
37	1.144e-02	6.452e-02	9.598e-02	1.188e-01	1.159e-01	-9.695e-03	-1.096e-02	-4.155e-03	7.912e-01	2.964e-01	4.296e-02	4.531e-02	7.583e-04	4.294e-02
37	1.233e-02	5.828e-02	1.003e-01	1.176e-01	1.078e-01	-1.003e-02	-6.806e-03	-2.493e-03	7.725e-01	2.956e-01	4.269e-02	4.506e-02	7.324e-04	4.266e-02
37	1.429e-02	6.039e-02	9.837e-02	1.170e-01	1.070e-01	-8.185e-03	-1.255e-02	-2.958e-03	7.941e-01	2.960e-01	4.308e-02	4.545e-02	7.465e-04	4.309e-02
37	1.378e-02	5.892e-02	9.442e-02	1.173e-01	1.148e-01	-1.069e-02	-4.947e-03	-2.446e-03	7.834e-01	2.990e-01	4.358e-02	4.598e-02	7.270e-04	4.357e-02
38	1.226e-02	6.137e-02	9.247e-02	1.177e-01	1.195e-01	-8.594e-03	-8.995e-03	-3.621e-03	7.778e-01	2.965e-01	4.336e-02	4.585e-02	7.408e-04	4.338e-02
38	1.396e-02	5.583e-02	9.767e-02	1.181e-01	1.182e-01	-8.872e-03	-3.289e-05	-3.195e-03	7.829e-01	2.997e-01	4.380e-02	4.695e-02	7.213e-04	4.429e-02
38	1.400e-02	5.557e-02	9.970e-02	1.175e-01	1.089e-01	-9.326e-03	-8.444e-03	-2.920e-03	7.808e-01	2.981e-01	4.429e-02	4.674e-02	7.340e-04	4.427e-02
38	1.513e-02	5.313e-02	9.988e-02	1.178e-01	1.075e-01	-8.827e-03	-4.219e-03	-1.886e-03	7.868e-01	2.986e-01	4.367e-02	4.611e-02	7.171e-04	4.365e-02
38	1.365e-02	5.470e-02	9.917e-02	1.181e-01	1.182e-01	-7.434e-03	-4.890e-03	-3.130e-03	7.770e-01	2.971e-01	4.383e-02	4.637e-02	7.299e-04	4.382e-02
38	1.221e-02	6.210e-02	9.773e-02	1.176e-01	1.119e-01	-1.307e-02	-8.518e-03	-2.896e-03	7.900e-01	2.979e-01	4.261e-02	4.495e-02	7.482e-04	4.258e-02
38	1.651e-02	6.120e-02	9.454e-02	1.181e-01	1.269e-01	-7.946e-03	-5.701e-03	-4.339e-03	7.849e-01	2.991e-01	4.293e-02	4.546e-02	7.498e-04	4.294e-02
38	1.069e-02	5.054e-02	9.676e-02	1.174e-01	1.293e-01	-6.760e-03	-1.829e-03	-2.553e-03	7.707e-01	2.992e-01	4.425e-02	4.706e-02	7.162e-04	4.416e-02
39	1.518e-02	5.303e-02	9.765e-02	1.182e-01	1.189e-01	-7.594e-03	-1.783e-03	-3.560e-03	7.780e-01	2.993e-01	4.375e-02	4.630e-02	7.228e-04	4.375e-02
39	1.320e-02	6.595e-02	9.771e-02	1.182e-01	1.204e-01	-9.761e-03	-7.625e-03	-3.278e-03	7.849e-01	2.997e-01	4.313e-02	4.556e-02	7.600e-04	4.312e-02
39	1.528e-02	5.296e-02	9.861e-02	1.178e-01	1.130e-01	-7.571e-03	-1.013e-02	-3.501e-03	7.785e-01	2.974e-01	4.286e-02	4.528e-02	7.366e-04	4.285e-02
39	1.292e-02	5.798e-02	9.955e-02	1.177e-01	1.194e-01	-1.009e-02	-4.845e-03	-3.679e-03	7.748e-01	2.984e-01	4.315e-02	4.562e-02	7.420e-04	4.315e-02
39	1.437e-02	5.400e-02	9.772e-02	1.179e-01	1.307e-01	-8.587e-03	-1.414e-03	-3.220e-03	7.752e-01	2.992e-01	4.359e-02	4.617e-02	7.336e-04	4.359e-02
39	1.709e-02	5.041e-02	9.852e-02	1.176e-01	1.191e-01	-8.615e-03	-4.660e-03	-3.084e-03	7.863e-01	2.997e-01	4.328e-02	4.577e-02	7.272e-04	4.329e-02
39	1.290e-02	5.294e-02	9.846e-02	1.183e-01	1.278e-01	-5.718e-03	-2.997e-03	-2.822e-03	7.775e-01	2.976e-01	4.409e-02	4.670e-02	7.273e-04	4.406e-02
39	1.052e-02	6.073e-02	9.595e-02	1.176e-01	1.221e-01	-9.660e-03	-2.644e-03	-2.608e-03	7.779e-01	2.994e-01	4.376e-02	4.622e-02	7.332e-04	4.376e-02
40	1.142e-02	5.342e-02	9.944e-02	1.178e-01	1.150e-01	-7.525e-03	-1.967e-03	-2.592e-03	7.714e-01	2.972e-01	4.291e-02	4.540e-02	7.149e-04	4.293e-02
40	1.256e-02	5.440e-02	9.314e-02	1.182e-01	1.291e-01	-9.177e-03	0.000e+00	-3.017e-03	7.692e-01	2.994e-01	4.314e-02	4.572e-02	7.186e-04	4.312e-02
40	1.495e-02	5.162e-02	9.713e-02	1.190e-01	1.220e-01	-5.567e-03	0.000e+00	-3.346e-03	7.760e-01	2.994e-01	4.501e-02	4.780e-02	7.135e-04	4.507e-02
40	1.316e-02	3.970e-02	9.877e-02	1.176e-01	1.218e-01	-7.144e-03	-4.907e-03	-2.965e-03	7.849e-01	2.973e-01	4.275e-02	4.527e-02	7.054e-04	4.271e-02
40	1.305e-02	6.131e-02	9.935e-02	1.180e-01	1.224e-01	-6.390e-03	-1.308e-03	-3.284e-03	7.793e-01	2.968e-01	4.437e-02	4.687e-02	7.376e-04	4.437e-02
40	1.081e-02	4.198e-02	9.757e-02	1.178e-01	1.271e-01	-7.752e-03	-2.874e-03	-3.064e-03	7.764e-01	2.979e-01	4.236e-02	4.495e-02	7.057e-04	4.234e-02
40	1.351e-02	5.561e-02	9.804e-02	1.180e-01	1.228e-01	-6.944e-03	-5.768e-03	-3.484e-03	7.810e-01	2.995e-01	4.398e-02	4.653e-02	7.373e-04	4.399e-02
40	1.095e-02	5.907e-02	9.919e-02	1.178e-01	1.287e-01	-5.816e-03	-2.424e-03	-3.596e-03	7.744e-01	2.983e-01	4.388e-02	4.643e-02	7.398e-04	4.387e-02
41	1.142e-02	5.128e-02	9.867e-02	1.173e-01	1.231e-01	-7.231e-03	-1.997e-03	-3.081e-03	7.746e-01	3.000e-01	4.296e-02	4.549e-02	7.179e-04	4.294e-02
41	1.503e-02	5.230e-02	9.878e-02	1.187e-01	1.164e-01	-5.036e-03	0.000e+00	-3.549e-03	7.800e-01	2.970e-01	4.357e-02	4.610e-02	7.133e-04	4.360e-02
41	1.546e-02	5.270e-02	9.828e-02	1.188e-01	1.161e-01	-4.864e-03	-1.549e-03	-3.346e-03	7.819e-01	2.994e-01	4.357e-02	4.607e-02	7.155e-04	4.357e-02
41	1.565e-02	5.869e-02	9.837e-02	1.175e-01	1.102e-01	-6.857e-03	-9.593e-03	-3.514e-03	7.760e-01	2.978e-01	4.387e-02	4.628e-02	7.386e-04	4.385e-02
41	1.361e-02	5.674e-02	9.881e-02	1.192e-01	1.242e-01	-5.677e-03	-2.381e-03	-2.931e-03	7.789e-01	2.979e-01	4.385e-02	4.642e-02	7.341e-04	4.384e-02
41	1.455e-02	5.861e-02	9.479e-02	1.186e-01	1.290e-01	-6.089e-03	-2.922e-03	-3.283e-03	7.812e-01	2.991e-01	4.235e-02	4.489e-02	7.355e-04	4.237e-02
41	1.564e-02	5.553e-02	9.739e-02	1.188e-01	1.276e-01	-5.683e-03	-5.469e-04	-3.310e-03	7.835e-01	2.996e-01	4.551e-02	4.815e-02	7.294e-04	4.551e-02
41	1.301e-02	5.338e-02	9.803e-02	1.196e-01	1.313e-01	-2.698e-03	-3.906e-03	-3.293e-03	7.731e-01	2.971e-01	4.278e-02	4.537e-02	7.327e-04	4.280e-02
42	1.491e-02	5.452e-02	9.502e-02	1.198e-01	1.324e-01	-4.655e-03	0.000e+00	-3.401e-03	7.810e-01	2.986e-01	4.266e-02	4.526e-02	7.260e-04	4.267e-02
42	1.464e-02	5.532e-02	9.793e-02	1.189e-01	1.265e-01	-5.185e-03	-2.522e-03	-2.738e-03	7.804e-01	2.986e-01	4.386e-02	4.679e-02	7.308e-04	4.397e-02
42	1.317e-02	5.712e-02	9.800e-02	1.190e-01	1.286e-01	-5.065e-03	0.000e+00	-3.620e-03	7.757e-01	2.989e-01	4.363e-02	4.629e-02	7.299e-04	4.359e-02
42	1.558e-02	6.057e-02	9.782e-02	1.182e-01	1.345e-01	-5.900e-03	-4.622e-03	-3.235e-03	7.828e-01	2.980e-01	4.398e-02	4.692e-02	7.552e-04	4.404e-02
42	1.496e-02	5.676e-02	9.749e-02	1.186e-01	1.307e-01	-5.564e-03	0.000e+00	-3.397e-03	7.811e-01	2.995e-01	4.369e-02	4.626e-02	7.330e-04	4.369e-02
42	1.580e-02	5.479e-02	9.794e-02	1.189e-01	1.241e-01	-3.617e-03	0.000e+00	-3.532e-03	7.835e-01	2.996e-01	4.313e-02	4.563e-02	7.220e-04	4.313e-02
42	1.575e-02	6.255e-02	9.497e-02	1.190e-01	1.227e-01	-8.210e-03	-7.060e-04	-3.498e-03	7.891e-01	3.000e-01	4.316e-02	4.568e-02	7.375e-04	4.318e-02
42	1.523e-02	6.511e-02	9.781e-02	1.191e-01	1.378e-01	-5.209e-03	0.000e+00	-3.604e-03	7.781e-01	2.990e-01	4.314e-02	4.582e-02	7.577e-04	4.318e-02
43	1.680e-02	5.323e-02	9.828e-02	1.179e-01	1.205e-01	-6.037e-03	-3.892e-03	-3.451e-03	7.797e-01	2.982e-01	4.354e-02	4.620e-02	7.293e-04	4.354e-02
43	1.656e-02	5.601e-02	9.731e-02	1.190e-01	1.355e-01	-5.807e-03	0.000e+00	-3.244e-03	7.792e-01	2.986e-01	4.352e-02	4.625e-02	7.391e-04	4.354e-02
43	1.508e-02	5.896e-02	9.777e-02	1.191e-01	1.308e-01	-5.239e-03	-2.468e-03	-2.760e-03	7.913e-01	2.998e-01	4.408e-02	4.664e-02	7.432e-04	4.407e-02
43	1.858e-02	6.004e-02	9.820e-02	1.195e-01	1.278e-01	-4.177e-03	-3.698e-03	-3.400e-03	7.878e-01	2.976e-01	4.336e-02	4.618e-02	7.480e-04	4.319e-02
43	1.358e-02	6.155e-02	9.813e-02	1.199e-01	1.463e-01	-5.510e-03	0.000e+00	-3.056e-03	7.771e-01	2.979e-01	4.237e-02	4.510e-02	7.577e-04	4.234e-02
43	1.712e-02	6.035e-02	9.852e-02	1.199e-01	1.322e-01	-4.607e-03	0.000e+00	-3.304e-03	7.816e-01	2.981e-01	4.352e-02	4.611e-02	7.455e-04	4.353e-02
43	1.594e-02	5.530e-02	9.489e-02	1.182e-01	1.450e-01	-3.643e-03	-3.307e-03	-3.133e-03	7.802e-01	2.992e-01	4.339e-02	4.619e-02	7.450e-04	4.336e-02
43	1.441e-02	5.677e-02	9.763e-02	1.196e-01	1.361e-01	-4.962e-03	-4.647e-04	-3.612e-03	7.827e-01	2.992e-01	4.327e-02	4.589e-02	7.401e-04	4.328e-02
44	1.408e-02	5.819e-02	9.856e-02	1.195e-01	1.255e-01	-6.276e-03	-3.331e-03	-2.998e-03	7.920e-01	2.991e-01	4.315e-02	4.563e-02	7.413e-04	4.316e-02
44	1.537e-02	5.791e-02	9.284e-02	1.191e-01	1.330e-01	-6.964e-03	-1.327e-04	-2.471e-03	7.867e-01	3.000e-01	4.275e-02	4.532e-02	7.286e-04	4.275e-02
44	1.644e-02	5.663e-02	9.536e-02	1.187e-01	1.192e-01	-7.425e-03	-2.619e-03	-2.884e-03	7.928e-01	3.000e-01	4.378e-02	4.623e-02	7.262e-04	4.379e-02
44	1.493e-02	5.790e-02	9.798e-02	1.199e-01	1.423e-01	-3.553e-03	-2.231e-04	-3.098e-03	7.876e-01	2.997e-01	4.283e-02	4.559e-02	7.466e-04	4.278e-02
44	1.477e-02	5.275e-02	9.924e-02	1.188e-01	1.196e-01	-6.160e-03	-5.705e-03	-3.085e-03	7.784e-01	2.978e-01	4.538e-02	4.819e-02	7.326e-04	4.543e-02
44	1.516e-02	5.628e-02	9.607e-02	1.184e-01	1.364e-01	-6.264e-03	-5.144e-03	-2.171e-03	7.885e-01	2.999e-01	4.323e-02	4.583e-02	7.461e-04	4.325e-02
44	1.725e-02	5.518e-02	9.598e-02	1.193e-01	1.366e-01	-2.598e-03	-2.335e-03	-3.380e-03	7.874e-01	2.999e-01	4.309e-02	4.582e-02	7.371e-04	4.310e-02
44	1.326e-02	6.012e-02	9.824e-02	1.186e-01	1.387e-01	-5.879e-03	-2.657e-03	-2.686e-03	7.862e-01	2.990e-01	4.374e-02	4.639e-02	7.520e-04	4.376e-02
45	1.836e-02	4.958e-02	9.826e-02	1.189e-01	1.119e-01	-5.491e-03	-1.007e-02	-2.986e-03	7.887e-01	2.984e-01	4.255e-02	4.512e-02	7.294e-04	4.262e-02
45	1.672e-02	5.119e-02	9.783e-02	1.189e-01	1.244e-01	-6.571e-03	-5.868e-03	-3.040e-03	7.855e-01	2.989e-01	4.252e-02	4.504e-02	7.339e-04	4.252e-02
45	1.556e-02	5.212e-02	9.788e-02	1.186e-01	1.139e-01	-8.008e-03	-7.006e-03	-3.036e-03	7.830e-01	2.988e-01	4.268e-02	4.524e-02	7.276e-04	4.265e-02
45	1.558e-02	5.561e-02	1.005e-01	1.190e-01	1.289e-01	-5.774e-03	-3.497e-03	-3.478e-03	7.760e-01	2.965e-01	4.415e-02	4.673e-02	7.437e-04	4.413e-02
45	1.535e-02	5.101e-02	9.855e-02	1.196e-01	1.184e-01	-4.721e-03	-3.272e-03	-3.378e-03	7.857e-01	2.997e-01	4.345e-02	4.600e-02	7.210e-04	4.350e-02
45	1.531e-02	5.106e-02	9.773e-02	1.188e-01	1.163e-01	-7.809e-03	-2.342e-03	-2.665e-03	7.803e-01	2.992e-01	4.295e-02	4.558e-02	7.164e-04	4.303e-02
45	1.488e-02	6.028e-02	9.874e-02	1.195e-01	1.293e-01	-7.040e-03	-1.309e-03	-3.319e-03	7.812e-01	2.997e-01	4.325e-02	4.586e-02	7.470e-04	4.325e-02
45	1.572e-02	5.002e-02	9.825e-02	1.192e-01	1.181e-01	-5.607e-03	-6.704e-03	-3.035e-03	7.819e-01	2.980e-01	4.331e-02	4.584e-02	7.260e-04	4.332e-02
46	1.523e-02	4.612e-02	9.928e-02	1.190e-01	1.199e-01	-4.772e-03	-3.618e-03	-3.644e-03	7.787e-01	2.984e-01	4.279e-02	4.533e-02	7.166e-04	4.279e-02
46	1.454e-02	5.588e-02	9.917e-02	1.188e-01	1.216e-01	-6.319e-03	0.000e+00	-3.359e-03	7.768e-01	2.998e-01	4.394e-02	4.649e-02	7.258e-04	4.395e-02
46	1.401e-02	5.028e-02	9.894e-02	1.194e-01	1.373e-01	-4.322e-03	-3.517e-03	-3.017e-03	7.762e-01	2.971e-01	4.285e-02	4.555e-02	7.359e-04	4.284e-02
46	1.669e-02	5.726e-02	9.938e-02	1.190e-01	1.255e-01	-4.991e-03	-8.939e-04	-3.369e-03	7.772e-01	2.980e-01	4.460e-02	4.718e-02	7.348e-04	4.461e-02
46	1.544e-02	5.239e-02	9.940e-02	1.192e-01	1.185e-01	-6.459e-03	-3.830e-03	-3.108e-03	7.785e-01	2.966e-01	4.343e-02	4.595e-02	7.286e-04	4.342e-02
46	1.443e-02	5.696e-02	9.950e-02	1.197e-01	1.429e-01	-3.237e-03	-5.334e-04	-3.030e-03	7.804e-01	2.986e-01	4.315e-02	4.591e-02	7.484e-04	4.310e-02
46	1.539e-02	4.802e-02	9.909e-02	1.192e-01	1.310e-01	-4.175e-03	-8.588e-03	-2.980e-03	7.781e-01	2.968e-01	4.289e-02	4.555e-02	7.403e-04	4.290e-02
46	1.674e-02	5.359e-02	9.789e-02	1.191e-01	1.201e-01	-6.377e-03	-4.463e-03	-3.834e-03	7.793e-01	2.989e-01	4.327e-02	4.578e-02	7.329e-04	4.327e-02
47	1.788e-02	5.831e-02	9.939e-02	1.186e-01	1.127e-01	-6.935e-03	-2.945e-03	-3.602e-03	7.769e-01	2.971e-01	4.279e-02	4.530e-02	7.320e-04	4.273e-02
47	1.565e-02	5.989e-02	9.934e-02	1.178e-01	1.297e-01	-5.571e-03	-4.290e-03	-3.022e-03	7.799e-01	2.969e-01	4.443e-02	4.730e-02	7.501e-04	4.431e-02
47	1.402e-02	6.401e-02	9.894e-02	1.194e-01	1.288e-01	-5.457e-03	-9.603e-05	-2.751e-03	7.799e-01	2.986e-01	4.332e-02	4.593e-02	7.465e-04	4.333e-02
47	1.793e-02	5.975e-02	9.871e-02	1.196e-01	1.181e-01	-6.651e-03	0.000e+00	-3.350e-03	7.749e-01	2.995e-01	4.373e-02	4.624e-02	7.330e-04	4.373e-02
47	1.759e-02	5.415e-02	1.000e-01	1.197e-01	1.382e-01	-4.047e-03	0.000e+00	-3.563e-03	7.800e-01	2.991e-01	4.380e-02	4.674e-02	7.451e-04	4.369e-02
47	1.555e-02	5.594e-02	9.860e-02	1.200e-01	1.334e-01	-3.592e-03	0.000e+00	-3.517e-03	7.739e-01	3.000e-01	4.282e-02	4.555e-02	7.375e-04	4.285e-02
47	1.665e-02	5.699e-02	1.025e-01	1.185e-01	1.134e-01	-6.301e-03	-3.915e-03	-3.780e-03	7.691e-01	2.960e-01	4.349e-02	4.596e-02	7.374e-04	4.349e-02
47	1.483e-02	5.843e-02	9.981e-02	1.184e-01	1.275e-01	-6.414e-03	-2.908e-03	-3.392e-03	7.783e-01	2.981e-01	4.388e-02	4.675e-02	7.459e-04	4.394e-02
48	1.641e-02	6.177e-02	9.941e-02	1.189e-01	1.265e-01	-5.935e-03	-2.337e-03	-3.232e-03	7.814e-01	2.991e-01	4.464e-02	4.720e-02	7.490e-04	4.463e-02
48	1.427e-02	6.396e-02	9.955e-02	1.179e-01	1.346e-01	-5.451e-03	-2.529e-03	-3.166e-03	7.854e-01	2.992e-01	4.411e-02	4.680e-02	7.574e-04	4.411e-02
48	1.816e-02	5.367e-02	9.977e-02	1.184e-01	1.253e-01	-4.634e-03	-4.027e-03	-3.078e-03	7.790e-01	2.970e-01	4.260e-02	4.513e-02	7.375e-04	4.259e-02
48	1.499e-02	5.221e-02	9.855e-02	1.162e-01	1.131e-01	-5.887e-03	-5.104e-03	-2.931e-03	7.755e-01	2.979e-01	4.381e-02	4.624e-02	7.147e-04	4.380e-02
48	1.552e-02	6.014e-02	9.922e-02	1.185e-01	1.219e-01	-7.469e-03	-4.863e-03	-3.133e-03	7.828e-01	2.981e-01	4.296e-02	4.541e-02	7.473e-04	4.295e-02
48	1.587e-02	5.230e-02	9.973e-02	1.179e-01	1.297e-01	-4.549e-03	-1.933e-03	-3.169e-03	7.735e-01	2.982e-01	4.325e-02	4.585e-02	7.309e-04	4.323e-02
48	1.517e-02	6.063e-02	9.901e-02	1.192e-01	1.239e-01	-5.638e-03	-3.099e-03	-3.158e-03	7.777e-01	2.978e-01	4.291e-02	4.541e-02	7.436e-04	4.291e-02
48	1.524e-02	6.557e-02	9.958e-02	1.179e-01	1.212e-01	-6.815e-03	-6.129e-04	-3.406e-03	7.746e-01	2.975e-01	4.443e-02	4.690e-02	7.442e-04	4.443e-02
49	1.603e-02	5.966e-02	9.908e-02	1.185e-01	1.291e-01	-4.313e-03	-7.354e-04	-3.166e-03	7.809e-01	2.987e-01	4.419e-02	4.682e-02	7.399e-04	4.417e-02
49	1.420e-02	6.497e-02	9.914e-02	1.172e-01	1.206e-01	-6.888e-03	-1.845e-03	-3.154e-03	7.772e-01	2.986e-01	4.311e-02	4.553e-02	7.418e-04	4.312e-02
49	1.555e-02	5.792e-02	9.979e-02	1.189e-01	1.249e-01	-6.647e-03	-3.346e-03	-3.314e-03	7.815e-01	2.982e-01	4.361e-02	4.618e-02	7.440e-04	4.359e-02
49	1.500e-02	6.106e-02	9.983e-02	1.190e-01	1.277e-01	-5.925e-03	-1.557e-03	-3.072e-03	7.775e-01	2.986e-01	4.354e-02	4.609e-02	7.454e-04	4.352e-02
49	1.519e-02	6.899e-02	9.868e-02	1.189e-01	1.384e-01	-6.129e-03	-1.847e-03	-3.367e-03	7.880e-01	3.000e-01	4.352e-02	4.615e-02	7.714e-04	4.356e-02
49	1.404e-02	6.863e-02	9.787e-02	1.181e-01	1.246e-01	-6.741e-03	0.000e+00	-3.304e-03	7.846e-01	3.000e-01	4.346e-02	4.592e-02	7.478e-04	4.347e-02
49	1.438e-02	6.563e-02	9.841e-02	1.182e-01	1.221e-01	-6.899e-03	0.000e+00	-3.200e-03	7.831e-01	3.000e-01	4.377e-02	4.622e-02	7.416e-04	4.377e-02
49	1.303e-02	6.638e-02	9.912e-02	1.168e-01	1.307e-01	-6.861e-03	-4.078e-03	-3.339e-03	7.822e-01	2.980e-01	4.355e-02	4.604e-02	7.583e-04	4.354e-02
